disease_cui,symptom,Number of diseases,snomed_code,disease,Number of symptoms
C0001175,Hepatomegaly associated with AIDS,2.0,62479008,Acquired immune deficiency syndrome (AIDS) (disorder),3
C0001175,Malaise associated with AIDS,2.0,62479008,Acquired immune deficiency syndrome (AIDS) (disorder),3
C0001175,Fatigue associated with AIDS,2.0,62479008,Acquired immune deficiency syndrome (AIDS) (disorder),3
C0001314,Sudden visual loss,1.0,2704003,Acute disease,3
C0001314,Acute vomiting,1.0,2704003,Acute disease,3
C0001314,Benign paroxysmal positional vertigo nystagmus,3.0,2704003,Acute disease,3
C0001344,Pain in throat,4.0,363746003,Acute pharyngitis,2
C0001344,Sore throat symptom,4.0,363746003,Acute pharyngitis,2
C0001344,Has a sore throat,1.0,363746003,Acute pharyngitis,2
C0001396,Syncope symptom,12.0,271547004,Stokes-Adams attack,1
C0001396,Syncope symptom,12.0,13620007,Stokes-Adams-Morgagni syndrome,1
C0001396,Syncope symptom,12.0,46935006,Stokes-Adams syndrome,1
C0001396,Syncope and collapse,12.0,271547004,Stokes-Adams attack,1
C0001396,Syncope and collapse,12.0,13620007,Stokes-Adams-Morgagni syndrome,1
C0001396,Syncope and collapse,12.0,46935006,Stokes-Adams syndrome,1
C0002418,(Visual disturbances NOS) or (amblyopia) or (blurred vision),2.0,387742006,Amblyopia (disorder),1
C0002453,Menstruation absent,1.0,14302001,Amenorrhea (finding),1
C0002963,Angina,23.0,87343002,Prinzmetal angina,2
C0002963,Ischemic chest pain,23.0,87343002,Prinzmetal angina,2
C0002963,Pain (finding),136.0,87343002,Prinzmetal angina,2
C0003123,Anorexia symptom (finding),2.0,79890006,Anorexic,1
C0003460,Oliguria and anuria,1.0,2472002,Anuria (finding),1
C0004095,Visual discomfort,3.0,70323002,Eye strain,3
C0004095,Visual discomfort,3.0,46640001,Accommodative asthenopia,3
C0004095,Eyes tire easily,1.0,70323002,Eye strain,3
C0004095,Eyes tire easily,1.0,46640001,Accommodative asthenopia,3
C0004095,Visual symptoms,1.0,70323002,Eye strain,3
C0004095,Visual symptoms,1.0,46640001,Accommodative asthenopia,3
C0004509,Complete spermatogenic arrest,2.0,425558002,Azoospermia (disorder),2
C0004509,Complete spermatogenic arrest,2.0,48188009,Azoospermia (finding),2
C0004509,Incomplete spermatogenic arrest,2.0,425558002,Azoospermia (disorder),2
C0004509,Incomplete spermatogenic arrest,2.0,48188009,Azoospermia (finding),2
C0004606,O/E - right eye preproliferative diabetic retinopathy,3.0,390834004,Nonproliferative diabetic retinopathy (disorder),1
C0004608,O/E - retinopathy,2.0,42873008,Background retinopathy,3
C0004608,O/E - retinopathy,2.0,193355009,Unspecified background retinopathy,3
C0004608,O/E - referable retinopathy,1.0,42873008,Background retinopathy,3
C0004608,O/E - referable retinopathy,1.0,193355009,Unspecified background retinopathy,3
C0004608,O/E - non-referable retinopathy,1.0,42873008,Background retinopathy,3
C0004608,O/E - non-referable retinopathy,1.0,193355009,Unspecified background retinopathy,3
C0004782,Hemiballism (disorder),2.0,70835005,Disorder of basal ganglia,1
C0005461,Visual alteration,9.0,83275001,Binocular vision disorder,1
C0005937,Mass of musculoskeletal structure,10.0,112643007,Unicameral bone cyst,1
C0005937,Mass of musculoskeletal structure,10.0,203467005,Solitary bone cyst,1
C0005937,Mass of musculoskeletal structure,10.0,203465002,Bone cyst,1
C0006111,Menopausal headache,3.0,81308009,Disorder of brain,1
C0006145,"Breast subinvolution, postpartum",2.0,79604008,Disorder of breast,2
C0006145,Postpartum subinvolution of breast,2.0,79604008,Disorder of breast,2
C0006145,Peau d'orange surface of breast,2.0,79604008,Disorder of breast,2
C0006261,Smokers' cough,3.0,41427001,Disorder of bronchus,1
C0006430,Skin sensation disturbance,6.0,399165002,Burning mouth syndrome,3
C0006430,Glossodynia (disorder),4.0,399165002,Burning mouth syndrome,3
C0006430,Glossopyrosis (disorder),3.0,399165002,Burning mouth syndrome,3
C0007222,Syncope symptom,12.0,49601007,Disorder of cardiovascular system,2
C0007222,Syncope and collapse,12.0,49601007,Disorder of cardiovascular system,2
C0007222,Near syncope,1.0,49601007,Disorder of cardiovascular system,2
C0007462,Pain (finding),136.0,408751001,"Complex regional pain syndrome, type II",1
C0007682,Hemiplegia (disorder),11.0,23853001,Disorder of the central nervous system,3
C0007682,Thunderclap headache,2.0,23853001,Disorder of the central nervous system,3
C0007682,Bruns nystagmus,3.0,23853001,Disorder of the central nervous system,3
C0007760,Cerebellar ataxia,11.0,223176004,Cerebellar disorder,1
C0007760,Cerebellar ataxia,11.0,224186005,Cerebellar deficiency syndrome,1
C0007761,Cerebellar ataxia,11.0,41009006,Progressive cerebellar tremor,3
C0007761,Cerebellar ataxia,11.0,192871008,Early onset cerebellar ataxia with myoclonus,3
C0007761,Cerebellar ataxia,11.0,73495003,Dyssynergia cerebellaris myoclonica,3
C0007761,Myoclonic disorder,29.0,41009006,Progressive cerebellar tremor,3
C0007761,Myoclonic disorder,29.0,192871008,Early onset cerebellar ataxia with myoclonus,3
C0007761,Myoclonic disorder,29.0,73495003,Dyssynergia cerebellaris myoclonica,3
C0007862,Pain (finding),136.0,35635000,Cervicobrachial neuralgia,1
C0007863,Pain of head and neck region,3.0,71760005,Cervico-occipital neuralgia,1
C0007932,Trypanosomal chancre,4.0,54570006,Chagas' disease without mention of organ involvement (disorder),1
C0008489,Involuntary movement,5.0,271700006,Chorea (finding),2
C0008489,Involuntary movement symptom,5.0,271700006,Chorea (finding),2
C0008489,Oral choreiform movement,1.0,271700006,Chorea (finding),2
C0008679,Chronic vomiting,1.0,27624003,Chronic disease (disorder),1
C0008711,Purulent nasal discharge,8.0,86094006,Chronic rhinitis,2
C0008711,Purulent rhinitis,8.0,86094006,Chronic rhinitis,2
C0008711,(Chronic rhinitis) or (catarrh unspecified),1.0,86094006,Chronic rhinitis,2
C0009088,Headache (finding),59.0,193947008,Ciliary neuralgia,3
C0009088,Headache (finding),59.0,230473009,Chronic cluster headache,3
C0009088,Headache (finding),59.0,193031009,Cluster headache,3
C0009088,Neuropathic pain,16.0,193947008,Ciliary neuralgia,3
C0009088,Neuropathic pain,16.0,230473009,Chronic cluster headache,3
C0009088,Neuropathic pain,16.0,193031009,Cluster headache,3
C0009088,Pain (finding),136.0,193947008,Ciliary neuralgia,3
C0009088,Pain (finding),136.0,230473009,Chronic cluster headache,3
C0009088,Pain (finding),136.0,193031009,Cluster headache,3
C0009373,Constipation (disorder),12.0,128524007,Disorder of colon,1
C0009421,[D]Coma &/or [D]stupor,1.0,371632003,Coma (disorder),1
C0009421,[D]Coma and stupor NOS,1.0,371632003,Coma (disorder),1
C0009421,[D]Coma and stupor,1.0,371632003,Coma (disorder),1
C0009443,Sinus catarrh,1.0,82272006,Common cold,1
C0009663,Perineal lump (finding),6.0,266113007,Genital warts,3
C0009663,Perineal lump (finding),6.0,240542006,Condyloma acuminatum,3
C0009663,Penile warts,4.0,266113007,Genital warts,3
C0009663,Penile warts,4.0,240542006,Condyloma acuminatum,3
C0009663,Mass of urogenital structure,1.0,266113007,Genital warts,3
C0009663,Mass of urogenital structure,1.0,240542006,Condyloma acuminatum,3
C0009952,Seizure,169.0,41497008,Febrile convulsion,1
C0010034,Corneal pigmentations and deposits,4.0,15250008,Disorder of cornea,1
C0010073,[X]Other forms of angina pectoris,14.0,23687008,Coronary artery spasm,1
C0010264,Cramp (finding),1.0,83906008,Bathing cramp,2
C0010264,(Bathing cramps - immersion) or (immersion),1.0,83906008,Bathing cramp,2
C0010269,Neuropathic pain,16.0,23096007,Cranial neuralgia,2
C0010269,Pain (finding),136.0,23096007,Cranial neuralgia,2
C0010314,Cri du chat,1.0,70173007,5p partial monosomy syndrome,1
C0010488,Pain (finding),136.0,35543003,Cutaneous endometriosis,1
C0011168,Swallowing painful,1.0,288939007,Difficulty swallowing,4
C0011168,Swallowing problem,1.0,288939007,Difficulty swallowing,4
C0011168,Swallowing symptoms,1.0,288939007,Difficulty swallowing,4
C0011168,(Swallowing symptoms) or (dysphagia),1.0,288939007,Difficulty swallowing,4
C0011346,Extrinsic staining of teeth associated with inadequate oral hygiene,2.0,6288001,Accretion on teeth,2
C0011346,Extrinsic staining of teeth associated with oral habits,2.0,6288001,Accretion on teeth,2
C0011432,Tooth sensitivity to cold,2.0,13468005,Sensitive dentin,2
C0011432,Tooth sensitivity to heat,2.0,13468005,Sensitive dentin,2
C0011603,Skin irritation,3.0,182782007,Dermatitis (disorder),1
C0011606,Erythema of skin,89.0,396349005,Generalized erythroderma,1
C0011606,Erythema of skin,89.0,400005007,Erythrodermic eczema,1
C0011606,Erythema of skin,89.0,200948000,Pityriasis rubra (Hebra),1
C0011606,Erythema of skin,89.0,396350005,Generalized exfoliative dermatitis,1
C0011606,Erythematous condition,89.0,396349005,Generalized erythroderma,1
C0011606,Erythematous condition,89.0,400005007,Erythrodermic eczema,1
C0011606,Erythematous condition,89.0,200948000,Pityriasis rubra (Hebra),1
C0011606,Erythematous condition,89.0,396350005,Generalized exfoliative dermatitis,1
C0011757,Slowness and poor responsiveness,1.0,27544004,Developmental coordination disorder,1
C0011849,O/E - right eye background diabetic retinopathy,2.0,73211009,Diabetes mellitus,8
C0011849,O/E - left eye background diabetic retinopathy,2.0,73211009,Diabetes mellitus,8
C0011849,O/E - right eye preproliferative diabetic retinopathy,3.0,73211009,Diabetes mellitus,8
C0011849,O/E - left eye preproliferative diabetic retinopathy,2.0,73211009,Diabetes mellitus,8
C0011849,O/E - right eye proliferative diabetic retinopathy,2.0,73211009,Diabetes mellitus,8
C0011849,O/E - left eye proliferative diabetic retinopathy,2.0,73211009,Diabetes mellitus,8
C0011849,O/E - right eye diabetic maculopathy,2.0,73211009,Diabetes mellitus,8
C0011849,O/E - left eye diabetic maculopathy,2.0,73211009,Diabetes mellitus,8
C0011884,O/E - right eye background diabetic retinopathy,2.0,4855003,Diabetic retinopathy,2
C0011884,O/E - left eye background diabetic retinopathy,2.0,4855003,Diabetic retinopathy,2
C0012569,Refractive diplopia,2.0,24982008,Diplopia (disorder),3
C0012569,Monocular diplopia,2.0,24982008,Diplopia (disorder),3
C0012569,Visual alteration,9.0,24982008,Diplopia (disorder),3
C0012634,Clinical finding,1.0,64572001,Disease (disorder),2
C0012634,Finding of vomiting,16.0,64572001,Disease (disorder),2
C0012634,Vomiting symptom,16.0,64572001,Disease (disorder),2
C0013080,Cry of Down's syndrome,1.0,41040004,Complete trisomy 21 syndrome,1
C0013238,Dry eyes,1.0,46152009,Tear film insufficiency,1
C0013238,Dry eye,1.0,46152009,Tear film insufficiency,1
C0013369,Diarrhea symptom,39.0,19213003,Infectious diarrheal disease,1
C0013369,Diarrhea symptom,39.0,236076004,Infective diarrhea,1
C0013369,Loose stool,39.0,19213003,Infectious diarrheal disease,1
C0013369,Loose stool,39.0,236076004,Infective diarrhea,1
C0013384,Motor dysfunction,4.0,9748009,Dyskinesia,5
C0013384,Adiadochokinesia,1.0,9748009,Dyskinesia,5
C0013384,Dysdiadochokinesis,1.0,9748009,Dyskinesia,5
C0013384,Neonatal dyskinesia,1.0,9748009,Dyskinesia,5
C0013384,Coordination problem,12.0,9748009,Dyskinesia,5
C0013394,Pain in female genitalia,2.0,81712001,Pain in female genitalia on intercourse,2
C0013394,Pain on penetration,1.0,81712001,Pain in female genitalia on intercourse,2
C0013405,Difficulty breathing,2.0,59265000,Paroxysmal dyspnea,2
C0013405,Paroxysmal nocturnal dyspnea (finding),1.0,59265000,Paroxysmal dyspnea,2
C0013423,Diurnal dystonia,2.0,22451001,Primary torsion dystonia,1
C0013423,Diurnal dystonia,2.0,431034009,Torsion dystonia,1
C0013447,Loudness recruitment,2.0,25906001,Disorder of ear,4
C0013447,Paracusis (disorder),1.0,25906001,Disorder of ear,4
C0013447,Bleeding from ear,4.0,25906001,Disorder of ear,4
C0013447,Deafness symptom,1.0,25906001,Disorder of ear,4
C0013537,Seizure,169.0,15938005,Eclampsia (disorder),1
C0013677,Starvation (disorder),5.0,285588004,Nutrition deficiency due to insufficient food,1
C0014122,Osler's node,3.0,73774007,Subacute bacterial endocarditis,1
C0014130,Mass of endocrine structure,1.0,362969004,Disorder of endocrine system,2
C0014130,Pain of endocrine structure,1.0,362969004,Disorder of endocrine system,2
C0014175,Pain (finding),136.0,129103003,Endometriosis (clinical),1
C0014177,Pain (finding),136.0,22611009,Endometriosis of fallopian tube,1
C0014518,Erythema of skin,89.0,23067006,"Lyell's toxic epidermal necrolysis, subepidermal type",1
C0014518,Erythematous condition,89.0,23067006,"Lyell's toxic epidermal necrolysis, subepidermal type",1
C0014544,Seizure,169.0,313307000,Epileptic seizure,3
C0014544,Seizure,169.0,128613002,Seizure disorder,3
C0014544,Epileptic aura,1.0,313307000,Epileptic seizure,3
C0014544,Epileptic aura,1.0,128613002,Seizure disorder,3
C0014544,Partial seizure,22.0,313307000,Epileptic seizure,3
C0014544,Partial seizure,22.0,128613002,Seizure disorder,3
C0014547,Seizure,169.0,230381009,Localization-related epilepsy,2
C0014547,Partial seizure,22.0,230381009,Localization-related epilepsy,2
C0014548,Seizure,169.0,19598007,Generalized epilepsy,1
C0014549,Seizure,169.0,352818000,Tonic-clonic epilepsy,1
C0014550,Myoclonic disorder,29.0,192992007,Epileptic seizures - myoclonic,2
C0014550,Myoclonic disorder,29.0,37356005,Myoclonic seizure,2
C0014550,Seizure,169.0,192992007,Epileptic seizures - myoclonic,2
C0014550,Seizure,169.0,37356005,Myoclonic seizure,2
C0014553,Seizure,169.0,50866000,Childhood absence epilepsy,2
C0014553,Seizure,169.0,79631006,Absence seizure,2
C0014553,Seizure,169.0,230413002,Juvenile absence epilepsy,2
C0014556,Seizure,169.0,193000002,Temporal lobe epilepsy,1
C0014718,Erythema of skin,89.0,266158001,Candidal intertrigo,1
C0014718,Erythematous condition,89.0,266158001,Candidal intertrigo,1
C0014740,Erythema of skin,89.0,69588003,Erythema chronica migrans,1
C0014740,Erythematous condition,89.0,69588003,Erythema chronica migrans,1
C0014742,Erythema of skin,89.0,36715001,Erythema multiforme,1
C0014742,Erythematous condition,89.0,36715001,Erythema multiforme,1
C0014747,Erythema of skin,89.0,54792008,Erythematosquamous dermatosis,1
C0014747,Erythematous condition,89.0,54792008,Erythematosquamous dermatosis,1
C0014804,Pain (finding),136.0,37151006,Erythromelalgia (disorder),2
C0014804,Erythema of skin,89.0,37151006,Erythromelalgia (disorder),2
C0014804,Erythematous condition,89.0,37151006,Erythromelalgia (disorder),2
C0014805,Pain (finding),136.0,403390002,Primary erythromelalgia,2
C0014805,Erythema of skin,89.0,403390002,Primary erythromelalgia,2
C0014805,Erythematous condition,89.0,403390002,Primary erythromelalgia,2
C0014866,Bolus impaction,1.0,63305008,Stricture of esophagus,1
C0015230,Erythema of skin,89.0,112625008,Cutaneous eruption,5
C0015230,Erythema of skin,89.0,271807003,Eruption,5
C0015230,Erythematous condition,89.0,112625008,Cutaneous eruption,5
C0015230,Erythematous condition,89.0,271807003,Eruption,5
C0015230,Macular eruption,4.0,112625008,Cutaneous eruption,5
C0015230,Macular eruption,4.0,271807003,Eruption,5
C0015230,Weal,6.0,112625008,Cutaneous eruption,5
C0015230,Weal,6.0,271807003,Eruption,5
C0015230,Meningococcal rash,3.0,112625008,Cutaneous eruption,5
C0015230,Meningococcal rash,3.0,271807003,Eruption,5
C0015230,Spots on skin (disorder),2.0,112625008,Cutaneous eruption,5
C0015230,Spots on skin (disorder),2.0,271807003,Eruption,5
C0015300,Exophthalmos due to orbital edema or congestion,1.0,18265008,Exophthalmos (disorder),1
C0015371,Athetoid movement,8.0,76349003,Extrapyramidal disease,2
C0015371,Hemiballism (disorder),2.0,76349003,Extrapyramidal disease,2
C0015397,Internal ophthalmoplegia,3.0,371405004,Disorder of eye proper (disorder),3
C0015397,Discharge of eye,3.0,371405004,Disorder of eye proper (disorder),3
C0015397,Contact lens related disorder,3.0,371405004,Disorder of eye proper (disorder),3
C0015423,Blepharospasm (disorder),7.0,60113004,Disorder of eyelid,1
C0015544,Failure to gain weight (finding),1.0,433476000,Failure to thrive in infant,3
C0015544,Failure to gain weight (finding),1.0,54840006,Failure to thrive,3
C0015544,Physiological development failure,1.0,433476000,Failure to thrive in infant,3
C0015544,Physiological development failure,1.0,54840006,Failure to thrive,3
C0015544,"[D]Weight, failure to gain, infant",1.0,433476000,Failure to thrive in infant,3
C0015544,"[D]Weight, failure to gain, infant",1.0,54840006,Failure to thrive,3
C0015544,"Weight,fail to gain,infant [D]",1.0,433476000,Failure to thrive in infant,3
C0015544,"Weight,fail to gain,infant [D]",1.0,54840006,Failure to thrive,3
C0015634,Diffuse inflammation,11.0,18690003,Farmers' lung,1
C0015732,Spillage of feces,1.0,72042002,Incontinence of feces,8
C0015732,Spurious diarrhea - overflow,1.0,72042002,Incontinence of feces,8
C0015732,Double incontinence (finding),2.0,72042002,Incontinence of feces,8
C0015732,Bowels: occasional accident,1.0,72042002,Incontinence of feces,8
C0015732,Neuromyopathic fecal incontinence,1.0,72042002,Incontinence of feces,8
C0015732,Congenital fecal incontinence,1.0,72042002,Incontinence of feces,8
C0015732,Fecal fluid leakage,1.0,72042002,Incontinence of feces,8
C0015930,Fetal distress - prelabor,1.0,130955003,Nonreassuring fetal status,2
C0015930,Fetal distress - in labor,1.0,130955003,Nonreassuring fetal status,2
C0016053,Pain (finding),136.0,24693007,Fibromyositis,1
C0016053,Pain (finding),136.0,203102006,Muscular rheumatism,1
C0016399,Seizure,169.0,128612007,Focal motor seizure,3
C0016399,Seizure,169.0,82401000,Simple partial seizure with motor dysfunction,3
C0016399,Partial seizure,22.0,128612007,Focal motor seizure,3
C0016399,Partial seizure,22.0,82401000,Simple partial seizure with motor dysfunction,3
C0016428,Mass of digestive structure,22.0,42323001,Eruption cyst,1
C0016696,Virilization (finding),5.0,79418008,Freemartin,1
C0016807,Constipation (disorder),12.0,81120009,Functional disorder of intestine,4
C0016807,Hyperactive rectosigmoid junction,1.0,81120009,Functional disorder of intestine,4
C0016807,Abnormal large bowel motility,1.0,81120009,Functional disorder of intestine,4
C0016807,Bowel spasm,4.0,81120009,Functional disorder of intestine,4
C0017332,Seizure,169.0,192979009,Generalized non-convulsive epilepsy,1
C0017411,Leukoplakia of female genital organs,1.0,310789003,Disorder of female genital system,2
C0017411,Leukoplakia of female genital organs,1.0,244938009,Disorder of female genital organs,2
C0017411,Mass of female genital structure,7.0,310789003,Disorder of female genital system,2
C0017411,Mass of female genital structure,7.0,244938009,Disorder of female genital organs,2
C0017412,Pain in testicle (finding),1.0,64557000,Disorder of male genital organ,8
C0017412,Edema of male genital organs,1.0,64557000,Disorder of male genital organ,8
C0017412,Pain in scrotum (finding),1.0,64557000,Disorder of male genital organ,8
C0017412,Burning scrotum,4.0,64557000,Disorder of male genital organ,8
C0017412,Pruritus of male genital organs,1.0,64557000,Disorder of male genital organ,8
C0017412,Leukoplakia of male genital organs,2.0,64557000,Disorder of male genital organ,8
C0017412,Persistent testicular pain,1.0,64557000,Disorder of male genital organ,8
C0017412,Tenderness of male genitalia,1.0,64557000,Disorder of male genital organ,8
C0018196,Mass of respiratory structure,11.0,72211003,Laryngeal granuloma,1
C0018776,Bilateral central hearing loss,2.0,68467004,Central hearing loss,1
C0018975,Subjective visual disturbance,7.0,399323001,Day blindness,1
C0019125,Bleeding from ear,4.0,111536009,Hematotympanum,1
C0020451,Hyperemesis gravidarum,6.0,19569008,Mild hyperemesis gravidarum,2
C0020451,Finding of vomiting,16.0,19569008,Mild hyperemesis gravidarum,2
C0020451,Vomiting symptom,16.0,19569008,Mild hyperemesis gravidarum,2
C0020454,Skin sensation disturbance,6.0,26857005,Hyperesthesia dolorosa,2
C0020454,Hyperesthesia (finding),1.0,26857005,Hyperesthesia dolorosa,2
C0020538,Paroxysmal hypertension,3.0,38341003,Hypertensive disorder,1
C0020555,Excessive growth of facial hair,1.0,271607001,Excessive hair growth,3
C0020555,Excessive growth of body hair,1.0,271607001,Excessive hair growth,3
C0020555,Excessive growth of leg hair,1.0,271607001,Excessive hair growth,3
C0020758,Harlequin change,3.0,13059002,Congenital ichthyosis of skin,1
C0021290,Edema of newborn,2.0,22925008,Neonatal disorder (disorder),1
C0021603,Insomnia (disorder),7.0,194437008,Disorders of initiating and maintaining sleep,1
C0021807,Erythema of skin,89.0,58759008,Intertrigo (disorder),1
C0021807,Erythematous condition,89.0,58759008,Intertrigo (disorder),1
C0021831,Gastrointestinal symptom,2.0,85919009,Disorder of intestine,2
C0021831,Mass of digestive structure,22.0,85919009,Disorder of intestine,2
C0022353,Newborn physiological jaundice (disorder),8.0,387712008,Neonatal jaundice,1
C0022354,[D]Jaundice (not of newborn),5.0,59848001,Obstructive hyperbilirubinemia,1
C0022354,[D]Jaundice (not of newborn),5.0,44018007,Cholestatic jaundice syndrome,1
C0022354,[D]Jaundice (not of newborn) NOS,5.0,59848001,Obstructive hyperbilirubinemia,1
C0022354,[D]Jaundice (not of newborn) NOS,5.0,44018007,Cholestatic jaundice syndrome,1
C0022362,Abnormal jaw movement,1.0,37156001,Disorder of jaw,1
C0022408,Rubella arthralgia,2.0,399269003,Arthropathy (disorder),1
C0022541,Ophthalmoplegia (disorder),11.0,77835008,Ophthalmoplegia plus syndrome,1
C0022541,Ophthalmoplegia (disorder),11.0,51464001,Oculocraniosomatic syndrome,1
C0022782,Leukoplakia of male genital organs,2.0,3323003,Leukoplakia of penis,1
C0022890,Syncopal vertigo,1.0,20425006,Labyrinthine disorder (disorder),1
C0022904,Dacryops,1.0,31053003,Disorder of lacrimal system,1
C0023009,Loss of voice,5.0,231543005,Speech and language disorder,1
C0023066,Spasm (finding),10.0,406444002,Laryngeal spasm,2
C0023066,Spasm (finding),10.0,41432000,Laryngismus stridulus,2
C0023066,Stridor (finding),1.0,406444002,Laryngeal spasm,2
C0023066,Stridor (finding),1.0,41432000,Laryngismus stridulus,2
C0023533,Leukorrhoea unspecified,1.0,237101004,Leukorrhea (finding),2
C0023533,Leukorrhea unspecified,1.0,237101004,Leukorrhea (finding),2
C0023533,(Leukorrhea unspecified) or (vaginal discharge NOS),1.0,237101004,Leukorrhea (finding),2
C0023533,(Leukorrhoea unspecified) or (vaginal discharge NOS),1.0,237101004,Leukorrhea (finding),2
C0023760,Cheilodynia (disorder),2.0,90678009,Disorder of lip,2
C0023760,Chapping of lips,2.0,90678009,Disorder of lip,2
C0023760,Cracked lips,2.0,90678009,Disorder of lip,2
C0023895,Large liver,2.0,235856003,Disease of liver,2
C0023895,Hepatocellular jaundice,4.0,235856003,Disease of liver,2
C0024207,Tender lymph node,1.0,191375005,"Unspecified lymphadenitis, excluding mesenteric lymphaden",2
C0024207,Tenderness of lymphoreticular structure,1.0,191375005,"Unspecified lymphadenitis, excluding mesenteric lymphaden",2
C0024248,Mass of lymphoreticular structure,5.0,12167004,Lymphocyst,1
C0024248,Mass of lymphoreticular structure,5.0,234110002,Lymph cyst,1
C0024530,Intermittent fever,1.0,248437004,Malarial fever,2
C0024530,Intermittent fever,1.0,105649009,Disease due to Plasmodiidae,2
C0024530,Malarial pigment deposition,5.0,248437004,Malarial fever,2
C0024530,Malarial pigment deposition,5.0,105649009,Disease due to Plasmodiidae,2
C0025209,Melasma gravidarum,2.0,48010006,Melanosis (morphologic abnormality),1
C0025209,Melasma gravidarum,2.0,414662006,Melanosis (disorder),1
C0025218,Melasma gravidarum,2.0,36209000,Chloasma (disorder),1
C0025281,Secondary endolymphatic hydrops,2.0,13445001,Ménière's disease,1
C0025303,Meningococcal rash,3.0,23511006,Meningococcal infectious disease,1
C0025517,Hypoproteinemia (disorder),3.0,75934005,Metabolic disease,2
C0025517,Hypoproteinemia (disorder),3.0,30390004,Generalized metabolic disorder,2
C0025517,Polyuric state,3.0,75934005,Metabolic disease,2
C0025517,Polyuric state,3.0,30390004,Generalized metabolic disorder,2
C0026603,Nausea (finding),1.0,37031009,Motion sickness,1
C0026618,Teeth staining due to drugs,2.0,30265004,Dental fluorosis,1
C0026636,Oral paresthesia,1.0,118938008,Disease of mouth,3
C0026636,Oral hypoesthesia,1.0,118938008,Disease of mouth,3
C0026636,Edema of oral vestibule,4.0,118938008,Disease of mouth,3
C0026650,Myoclonic disorder,29.0,60342002,Movement disorder,3
C0026650,Grimaces,2.0,60342002,Movement disorder,3
C0026650,Painful legs and moving toes,4.0,60342002,Movement disorder,3
C0026848,Gastric spasm,2.0,129565002,Disorder of muscle,2
C0026848,Flaccidity of muscle of upper limb,1.0,129565002,Disorder of muscle,2
C0026893,Muscle pain,2.0,203108005,Myalgia and myositis unspecified,3
C0026893,Muscle tension pain,1.0,203108005,Myalgia and myositis unspecified,3
C0026893,Skeletal muscle tender (finding),1.0,203108005,Myalgia and myositis unspecified,3
C0027145,Hard edema,5.0,43153006,Myxedema (disorder),1
C0027339,Subungual hyperkeratosis,3.0,17790008,Disorder of nail,3
C0027339,Clubbing of nail (disorder),4.0,17790008,Disorder of nail,3
C0027339,Onychomadesis,2.0,17790008,Disorder of nail,3
C0027404,Hypersomnia (disorder),7.0,60380001,Narcolepsy (disorder),1
C0027436,Pain (finding),136.0,31490007,Nasociliary neuralgia,1
C0027438,Palatal myoclonus,5.0,123952009,Disorder of nasopharynx,1
C0027765,Reaction to spinal or lumbar puncture (disorder),3.0,118940003,Disorder of nervous system,1
C0028432,Snuffles,3.0,89488007,Disorder of the nose,1
C0028432,Nasal discharge,3.0,89488007,Disorder of the nose,1
C0028432,Nasal discharge present,3.0,89488007,Disorder of the nose,1
C0028738,Voluntary nystagmus,2.0,563001,Nystagmus (disorder),10
C0028738,Irregular nystagmus,2.0,563001,Nystagmus (disorder),10
C0028738,Uniocular nystagmus,1.0,563001,Nystagmus (disorder),10
C0028738,Gaze paretic nystagmus,2.0,563001,Nystagmus (disorder),10
C0028738,Nystagmus produced by neck rotation,3.0,563001,Nystagmus (disorder),10
C0028738,Nystagmus enhanced when fixation removed,3.0,563001,Nystagmus (disorder),10
C0028738,Nystagmus unchanged when fixation removed,2.0,563001,Nystagmus (disorder),10
C0028738,Nystagmus inhibited when fixation removed,2.0,563001,Nystagmus (disorder),10
C0028738,Nystagmus signs,2.0,563001,Nystagmus (disorder),10
C0028738,Elliptical nystagmus,3.0,563001,Nystagmus (disorder),10
C0028850,Ophthalmoplegia (disorder),11.0,45030009,Disorder of eye movements,2
C0028850,Pseudoophthalmoplegia (disorder),1.0,45030009,Disorder of eye movements,2
C0028992,Disorder of umbilicus,12.0,239095007,Omphalitis,1
C0029411,Clubbing (morphologic abnormality),2.0,88220006,Pachydermoperiostosis syndrome,1
C0029411,Clubbing (morphologic abnormality),2.0,223726008,Pachydermoperiostosis of nail,1
C0029498,Paralysis of palate,1.0,196574006,Other and unspecified diseases of oral soft tissue,12
C0029498,Painful mouth,1.0,196574006,Other and unspecified diseases of oral soft tissue,12
C0029498,Edema of oral soft tissues,4.0,196574006,Other and unspecified diseases of oral soft tissue,12
C0029498,Discomfort in mouth,2.0,196574006,Other and unspecified diseases of oral soft tissue,12
C0029498,Mouth symptoms,1.0,196574006,Other and unspecified diseases of oral soft tissue,12
C0029498,Sore lip (finding),1.0,196574006,Other and unspecified diseases of oral soft tissue,12
C0029498,Edema of uvula,3.0,196574006,Other and unspecified diseases of oral soft tissue,12
C0029498,Mass of oral cavity,7.0,196574006,Other and unspecified diseases of oral soft tissue,12
C0029498,Pain of oral cavity structure,1.0,196574006,Other and unspecified diseases of oral soft tissue,12
C0029498,Tenderness of oral cavity structure,1.0,196574006,Other and unspecified diseases of oral soft tissue,12
C0029498,Edema of oral vestibule,4.0,196574006,Other and unspecified diseases of oral soft tissue,12
C0029498,Sore mouth (finding),1.0,196574006,Other and unspecified diseases of oral soft tissue,12
C0029546,Hepatosplenomegaly,1.0,197314007,Other non-alcoholic chronic liver disease,1
C0029546,Hepatosplenomegaly,1.0,197322000,Other non-alcoholic chronic liver disease NOS,1
C0029581,Nasal congestion,2.0,266346007,Other nasal cavity and sinus disease,9
C0029581,Posterior rhinorrhea (disorder),1.0,266346007,Other nasal cavity and sinus disease,9
C0029581,Congestion of nasal sinus,4.0,266346007,Other nasal cavity and sinus disease,9
C0029581,Purulent nasal discharge,8.0,266346007,Other nasal cavity and sinus disease,9
C0029581,Purulent rhinitis,8.0,266346007,Other nasal cavity and sinus disease,9
C0029581,Catarrhal nasal discharge,2.0,266346007,Other nasal cavity and sinus disease,9
C0029581,Sore nostril,1.0,266346007,Other nasal cavity and sinus disease,9
C0029581,Maxillary sinus pain,1.0,266346007,Other nasal cavity and sinus disease,9
C0029581,Frontal sinus pain,1.0,266346007,Other nasal cavity and sinus disease,9
C0029581,Snuffles,3.0,266346007,Other nasal cavity and sinus disease,9
C0029581,Nasal discharge,3.0,266346007,Other nasal cavity and sinus disease,9
C0029581,Nasal discharge present,3.0,266346007,Other nasal cavity and sinus disease,9
C0029594,Hypoproteinemia (disorder),3.0,190825006,Other disorders of plasma protein metabolism NOS,1
C0029594,Hypoproteinemia (disorder),3.0,190822009,Other disorder of plasma protein metabolism,1
C0029620,Voluntary nystagmus,2.0,194174004,Other forms of nystagmus (disorder),13
C0029620,Mixed nystagmus,1.0,194174004,Other forms of nystagmus (disorder),13
C0029620,Postural nystagmus,2.0,194174004,Other forms of nystagmus (disorder),13
C0029620,Spontaneous nystagmus,2.0,194174004,Other forms of nystagmus (disorder),13
C0029620,Body positional nystagmus,2.0,194174004,Other forms of nystagmus (disorder),13
C0029620,Neck positional nystagmus,1.0,194174004,Other forms of nystagmus (disorder),13
C0029620,"Positional nystagmus, variable eye direction",1.0,194174004,Other forms of nystagmus (disorder),13
C0029620,Nystagmus produced by neck rotation,3.0,194174004,Other forms of nystagmus (disorder),13
C0029620,Nystagmus enhanced when fixation removed,3.0,194174004,Other forms of nystagmus (disorder),13
C0029620,Nystagmus unchanged when fixation removed,2.0,194174004,Other forms of nystagmus (disorder),13
C0029620,Nystagmus inhibited when fixation removed,2.0,194174004,Other forms of nystagmus (disorder),13
C0029620,Bruns nystagmus,3.0,194174004,Other forms of nystagmus (disorder),13
C0029620,Elliptical nystagmus,3.0,194174004,Other forms of nystagmus (disorder),13
C0029741,Flaccidity - muscle,1.0,203039009,Other specific muscle disorder,3
C0029741,Flaccidity - muscle,1.0,203839005,[X]Other specified disorders of muscle,3
C0029741,Flaccidity - muscle,1.0,203043008,Other specific muscle disorder NOS,3
C0029741,Flaccidity,1.0,203039009,Other specific muscle disorder,3
C0029741,Flaccidity,1.0,203839005,[X]Other specified disorders of muscle,3
C0029741,Flaccidity,1.0,203043008,Other specific muscle disorder NOS,3
C0029741,Drop attack,3.0,203039009,Other specific muscle disorder,3
C0029741,Drop attack,3.0,203839005,[X]Other specified disorders of muscle,3
C0029741,Drop attack,3.0,203043008,Other specific muscle disorder NOS,3
C0029741,Flaccidity of muscle of lower limb,1.0,203039009,Other specific muscle disorder,3
C0029741,Flaccidity of muscle of lower limb,1.0,203839005,[X]Other specified disorders of muscle,3
C0029741,Flaccidity of muscle of lower limb,1.0,203043008,Other specific muscle disorder NOS,3
C0029770,Tooth sensitivity to cold,2.0,197505001,[X]Other specified diseases of hard tissues of teeth,2
C0029770,Tooth sensitivity to heat,2.0,197505001,[X]Other specified diseases of hard tissues of teeth,2
C0029771,Courvoisier's sign,1.0,197566002,[X]Other specified diseases of pancreas,2
C0029771,Pancreatic pain,1.0,197566002,[X]Other specified diseases of pancreas,2
C0029776,Bladder distention (finding),1.0,198539004,[X]Other specified disorders of bladder,3
C0029776,Painful bladder spasm,1.0,198539004,[X]Other specified disorders of bladder,3
C0029776,Spasm of bladder,1.0,198539004,[X]Other specified disorders of bladder,3
C0029781,Ureteric neuromuscular incoordination,2.0,198532008,[X]Other specified disorders of kidney and ureter,1
C0029782,Spermatoschesis,1.0,198070001,Other male genital organ diseases OS,9
C0029782,Spermatoschesis,1.0,198088009,Other specified diseases of male genital organ,9
C0029782,Spermatoschesis,1.0,198561009,[X]Other specified disorders of male genital organs,9
C0029782,Spermatemphraxis,1.0,198070001,Other male genital organ diseases OS,9
C0029782,Spermatemphraxis,1.0,198088009,Other specified diseases of male genital organ,9
C0029782,Spermatemphraxis,1.0,198561009,[X]Other specified disorders of male genital organs,9
C0029782,Painful sexual act of male,1.0,198070001,Other male genital organ diseases OS,9
C0029782,Painful sexual act of male,1.0,198088009,Other specified diseases of male genital organ,9
C0029782,Painful sexual act of male,1.0,198561009,[X]Other specified disorders of male genital organs,9
C0029782,Pain in male perineum,1.0,198070001,Other male genital organ diseases OS,9
C0029782,Pain in male perineum,1.0,198088009,Other specified diseases of male genital organ,9
C0029782,Pain in male perineum,1.0,198561009,[X]Other specified disorders of male genital organs,9
C0029782,Vas deferens tender,1.0,198070001,Other male genital organ diseases OS,9
C0029782,Vas deferens tender,1.0,198088009,Other specified diseases of male genital organ,9
C0029782,Vas deferens tender,1.0,198561009,[X]Other specified disorders of male genital organs,9
C0029782,Painful ejaculation (finding),1.0,198070001,Other male genital organ diseases OS,9
C0029782,Painful ejaculation (finding),1.0,198088009,Other specified diseases of male genital organ,9
C0029782,Painful ejaculation (finding),1.0,198561009,[X]Other specified disorders of male genital organs,9
C0029782,Testicular neuralgia,3.0,198070001,Other male genital organ diseases OS,9
C0029782,Testicular neuralgia,3.0,198088009,Other specified diseases of male genital organ,9
C0029782,Testicular neuralgia,3.0,198561009,[X]Other specified disorders of male genital organs,9
C0029782,Mass of male genital structure,3.0,198070001,Other male genital organ diseases OS,9
C0029782,Mass of male genital structure,3.0,198088009,Other specified diseases of male genital organ,9
C0029782,Mass of male genital structure,3.0,198561009,[X]Other specified disorders of male genital organs,9
C0029782,Inflammatory testicular mass,2.0,198070001,Other male genital organ diseases OS,9
C0029782,Inflammatory testicular mass,2.0,198088009,Other specified diseases of male genital organ,9
C0029782,Inflammatory testicular mass,2.0,198561009,[X]Other specified disorders of male genital organs,9
C0029785,Irritation of penis,1.0,198558008,[X]Other specified disorders of penis,1
C0029788,Macular eruption,4.0,267824000,Other specified skin disorder NOS,9
C0029788,Macular eruption,4.0,201320001,Other specified skin disorders,9
C0029788,Weal,6.0,267824000,Other specified skin disorder NOS,9
C0029788,Weal,6.0,201320001,Other specified skin disorders,9
C0029788,Puffiness of skin,1.0,267824000,Other specified skin disorder NOS,9
C0029788,Puffiness of skin,1.0,201320001,Other specified skin disorders,9
C0029788,Auspitz's sign,1.0,267824000,Other specified skin disorder NOS,9
C0029788,Auspitz's sign,1.0,201320001,Other specified skin disorders,9
C0029788,Menstrual urticaria,2.0,267824000,Other specified skin disorder NOS,9
C0029788,Menstrual urticaria,2.0,201320001,Other specified skin disorders,9
C0029788,Chapping of lips,2.0,267824000,Other specified skin disorder NOS,9
C0029788,Chapping of lips,2.0,201320001,Other specified skin disorders,9
C0029788,Cracked lips,2.0,267824000,Other specified skin disorder NOS,9
C0029788,Cracked lips,2.0,201320001,Other specified skin disorders,9
C0029788,Macerated skin,1.0,267824000,Other specified skin disorder NOS,9
C0029788,Macerated skin,1.0,201320001,Other specified skin disorders,9
C0029788,Bullous weal,1.0,267824000,Other specified skin disorder NOS,9
C0029788,Bullous weal,1.0,201320001,Other specified skin disorders,9
C0029788,Malarial pigment deposition,5.0,267824000,Other specified skin disorder NOS,9
C0029788,Malarial pigment deposition,5.0,201320001,Other specified skin disorders,9
C0029790,Loosening of tooth (disorder),2.0,197510002,[X]Other specified disorders of teeth and supporting structures,1
C0029794,Erythema of skin,89.0,201383002,[X]Other specified erythematous conditions,6
C0029794,Erythematous condition,89.0,201383002,[X]Other specified erythematous conditions,6
C0029794,Erythema scarlatiniforme,1.0,201383002,[X]Other specified erythematous conditions,6
C0029794,Erythema fugax,1.0,201383002,[X]Other specified erythematous conditions,6
C0029794,Erythematous ear canal,1.0,201383002,[X]Other specified erythematous conditions,6
C0029794,Micropapular weal,1.0,201383002,[X]Other specified erythematous conditions,6
C0029794,Erythematous mucosa,1.0,201383002,[X]Other specified erythematous conditions,6
C0029805,Circumoral rhytides,1.0,201079006,Other specified atrophic and hypertrophic conditions of skin,2
C0029805,Circumoral rhytides,1.0,201088002,Other specified atrophic and hypertrophic conditions of skin NOS,2
C0029805,Stellate pseudoscar,5.0,201079006,Other specified atrophic and hypertrophic conditions of skin,2
C0029805,Stellate pseudoscar,5.0,201088002,Other specified atrophic and hypertrophic conditions of skin NOS,2
C0029816,Benign congenital hypotonia (disorder),3.0,194532004,[X]Other specified myoneural disorders,1
C0029819,Swelling of vagina,1.0,198591004,[X]Other specified noninflammatory disorders of vagina,1
C0029821,Sore gums,2.0,196372009,Other specified periodontal disease,2
C0029821,Sore gums,2.0,196378008,Other specified periodontal disease NOS,2
C0029821,Gingival edema,1.0,196372009,Other specified periodontal disease,2
C0029821,Gingival edema,1.0,196378008,Other specified periodontal disease NOS,2
C0029827,Schistosomal pigment deposition,4.0,187121003,Other specified schistosoma NOS,1
C0029839,Immune complex urticaria,7.0,201271001,Other specified urticaria NOS,1
C0029856,Subsultus tendinum,1.0,203848000,[X]Other synovitis and tenosynovitis,1
C0030286,Pancreatic symptom,1.0,3855007,Disorder of pancreas,1
C0030331,Erythema of skin,89.0,76097009,Erythema nodosum migrans,1
C0030331,Erythematous condition,89.0,76097009,Erythema nodosum migrans,1
C0030353,Mass of eye structure,7.0,248487006,Optic disc swelling,1
C0030353,Mass of eye structure,7.0,73221001,Optic papillitis,1
C0030353,Mass of eye structure,7.0,423341008,Optic disc edema,1
C0030353,Swelling of structure of eye,7.0,248487006,Optic disc swelling,1
C0030353,Swelling of structure of eye,7.0,73221001,Optic papillitis,1
C0030353,Swelling of structure of eye,7.0,423341008,Optic disc edema,1
C0030436,Erythema of skin,89.0,200766001,Parakeratosis (disorder),1
C0030436,Erythema of skin,89.0,65068000,Parakeratosis (morphologic abnormality),1
C0030436,Erythematous condition,89.0,200766001,Parakeratosis (disorder),1
C0030436,Erythematous condition,89.0,65068000,Parakeratosis (morphologic abnormality),1
C0030463,Myoclonic disorder,29.0,60935008,Paramyoclonus multiplex,1
C0030469,Congestion of nasal sinus,4.0,7393007,Disorder of nasal sinus,1
C0030486,Spinal paraparesis,1.0,60389000,Paraplegia (disorder),2
C0030486,Flaccid paraplegia,1.0,60389000,Paraplegia (disorder),2
C0030508,Sleep-related head banging,1.0,58690002,Parasomnia (disorder),3
C0030508,Reaction to sudden wakening,1.0,58690002,Parasomnia (disorder),3
C0030508,Sleep automatism,4.0,58690002,Parasomnia (disorder),3
C0030567,Parkinsonian tremor,1.0,49049000,Parkinson's disease,1
C0030846,Lesion of penis,1.0,33958003,Disorder of penis,4
C0030846,Edema of penis,3.0,33958003,Disorder of penis,4
C0030846,Pruritus of penis,3.0,33958003,Disorder of penis,4
C0030846,Pain in penis (finding),1.0,33958003,Disorder of penis,4
C0031029,Mass of oral cavity,7.0,81407003,Apical granuloma,1
C0031117,Neuropathic pain,16.0,42658009,Disorder of the peripheral nervous system,3
C0031117,Neuropathic pain,16.0,302226006,Peripheral nerve disease,3
C0031117,Intercostal neuralgia,4.0,42658009,Disorder of the peripheral nervous system,3
C0031117,Intercostal neuralgia,4.0,302226006,Peripheral nerve disease,3
C0031117,Cruralgia,4.0,42658009,Disorder of the peripheral nervous system,3
C0031117,Cruralgia,4.0,302226006,Peripheral nerve disease,3
C0031121,Neuropathic pain,16.0,25416002,Peripheral neuralgia,12
C0031121,Pain (finding),136.0,25416002,Peripheral neuralgia,12
C0031121,Sciatica (disorder),7.0,25416002,Peripheral neuralgia,12
C0031121,Femoral neuralgia,3.0,25416002,Peripheral neuralgia,12
C0031121,Intercostal neuralgia,4.0,25416002,Peripheral neuralgia,12
C0031121,Lateral femoral cutaneous neuralgia,4.0,25416002,Peripheral neuralgia,12
C0031121,Obturator neuralgia,4.0,25416002,Peripheral neuralgia,12
C0031121,Cruralgia,4.0,25416002,Peripheral neuralgia,12
C0031121,Segmental peripheral neuralgia,3.0,25416002,Peripheral neuralgia,12
C0031121,Ilioinguinal nerve neuralgia,7.0,25416002,Peripheral neuralgia,12
C0031121,Genitofemoral nerve neuralgia,6.0,25416002,Peripheral neuralgia,12
C0031121,Testicular neuralgia,3.0,25416002,Peripheral neuralgia,12
C0031142,Intra-abdominal collection,3.0,66579008,Disorder of peritoneum,1
C0031256,Neonatal facial petechiae,3.0,50091001,Petechia,1
C0031256,Neonatal facial petechiae,3.0,423716004,Petechiae of skin,1
C0031350,Pain in throat,4.0,405737000,Pharyngitis (disorder),1
C0031350,Sore throat symptom,4.0,405737000,Pharyngitis (disorder),1
C0031736,Juvenile spring eruption,1.0,238525001,Polymorphic light eruption,1
C0031736,Juvenile spring eruption,1.0,367484009,Polymorphous light eruption,1
C0031762,Actinic reaction,1.0,22649008,Photodermatitis (disorder),1
C0032238,Pain (finding),136.0,83264000,Epidemic pleurodynia,1
C0032266,Mass of digestive structure,22.0,17465007,Pneumatosis cystoides intestinalis,1
C0032533,Pain (finding),136.0,65323003,Polymyalgia rheumatica,2
C0032533,Polymyalgia,3.0,65323003,Polymyalgia rheumatica,2
C0032768,Neuropathic pain,16.0,2177002,Postherpetic neuralgia (disorder),2
C0032768,Pain (finding),136.0,2177002,Postherpetic neuralgia (disorder),2
C0032772,Neuropathic pain,16.0,17111003,Postinfectious neuralgia,2
C0032772,Pain (finding),136.0,17111003,Postinfectious neuralgia,2
C0032962,Pruritus of pregnancy,2.0,198881004,Pregnancy complications,2
C0032962,Pruritus of pregnancy,2.0,90821003,Complication related to pregnancy,2
C0032962,Back pain complicating pregnancy,1.0,198881004,Pregnancy complications,2
C0032962,Back pain complicating pregnancy,1.0,90821003,Complication related to pregnancy,2
C0033036,Junctional premature beats,1.0,406461004,Ectopic atrial beats,1
C0033036,Junctional premature beats,1.0,63593006,Supraventricular premature beats,1
C0033036,Junctional premature beats,1.0,287057009,Atrial premature complex,1
C0033036,Junctional premature beats,1.0,284470004,Premature atrial contraction,1
C0033103,Edema of lower leg,1.0,78146007,Pretibial myxedema,1
C0033117,Painful penile erection,2.0,6273006,Priapism (disorder),2
C0033117,(Priapism) or (erection - painful),1.0,6273006,Priapism (disorder),2
C0033139,Insomnia (disorder),7.0,3972004,Primary insomnia,1
C0033575,Prostatic pain (finding),1.0,30281009,Disorder of prostate,3
C0033575,Prostatism (disorder),1.0,30281009,Disorder of prostate,3
C0033575,Prostatorrhea,2.0,30281009,Disorder of prostate,3
C0033771,Pruritus of skin,26.0,64144002,Pruritic rash,1
C0033771,Itching of skin,26.0,64144002,Pruritic rash,1
C0033771,Itch of skin,26.0,64144002,Pruritic rash,1
C0033772,Pruritus of skin,26.0,43118004,Prurigo papule,1
C0033772,Itching of skin,26.0,43118004,Prurigo papule,1
C0033772,Itch of skin,26.0,43118004,Prurigo papule,1
C0033893,Headache (finding),59.0,398057008,Tension-type headache,2
C0033893,Headache (finding),59.0,66551002,Psychogenic headache,2
C0033893,Occipital headache,1.0,398057008,Tension-type headache,2
C0033893,Occipital headache,1.0,66551002,Psychogenic headache,2
C0034150,Cryoglobulinemic purpura,2.0,387778001,Purpuric disorder,1
C0034372,Flaccid tetraplegia,2.0,11538006,Quadriplegia (disorder),1
C0034544,Neuropathic pain,16.0,82473003,Radiculitis (disorder),1
C0034931,Pain (finding),136.0,128079007,"Complex regional pain syndrome, type I",1
C0034931,Pain (finding),136.0,2103002,Shoulder-hand syndrome,1
C0034951,Aniseikonia (disorder),1.0,39021009,Disorder of refraction,2
C0034951,Refractive diplopia,2.0,39021009,Disorder of refraction,2
C0035204,[D]Respiratory abnormalities,1.0,50043002,Disorder of respiratory system,2
C0035204,[D]Respiratory abnormalities NOS,1.0,50043002,Disorder of respiratory system,2
C0035204,Restrained respiration,1.0,50043002,Disorder of respiratory system,2
C0035309,Retina finding,1.0,399625000,Retinopathy,2
C0035309,Retina finding,1.0,29555009,Retinal disorder,2
C0035309,O/E - retinopathy,2.0,399625000,Retinopathy,2
C0035309,O/E - retinopathy,2.0,29555009,Retinal disorder,2
C0035455,Purulent nasal discharge,8.0,70076002,Rhinitis (disorder),2
C0035455,Purulent rhinitis,8.0,70076002,Rhinitis (disorder),2
C0035455,Rhinitis due to alpha-adrenergic blocking agent,2.0,70076002,Rhinitis (disorder),2
C0036093,Sialectasia,2.0,10890000,Disorder of salivary gland,1
C0036323,Schistosomal pigment deposition,4.0,10087007,Infection by Schistosoma,1
C0036323,Schistosomal pigment deposition,4.0,105661001,Disease due to Schistosomatidae,1
C0036412,Scleral discoloration,3.0,33064008,Disorder of sclera,1
C0036413,Thickening of skin,3.0,95323007,Scleredema (disorder),1
C0036454,Scintillating scotoma,1.0,12184005,Visual field defect,4
C0036454,Scintillating scotoma,1.0,23388006,Visual field scotoma,4
C0036454,Angioscotoma,1.0,12184005,Visual field defect,4
C0036454,Angioscotoma,1.0,23388006,Visual field scotoma,4
C0036454,Ring scotoma,1.0,12184005,Visual field defect,4
C0036454,Ring scotoma,1.0,23388006,Visual field scotoma,4
C0036454,Quadrantic scotoma,1.0,12184005,Visual field defect,4
C0036454,Quadrantic scotoma,1.0,23388006,Visual field scotoma,4
C0037120,Acute edema,11.0,61233003,Silo-fillers' disease,1
C0037274,Pruritus of skin,26.0,95320005,Disorder of skin,4
C0037274,Itching of skin,26.0,95320005,Disorder of skin,4
C0037274,Itch of skin,26.0,95320005,Disorder of skin,4
C0037274,Skin irritation,3.0,95320005,Disorder of skin,4
C0037274,Thickening of skin,3.0,95320005,Disorder of skin,4
C0037274,Cryoglobulinemic purpura,2.0,95320005,Disorder of skin,4
C0037278,Osler's node,3.0,108365000,Infection of skin,1
C0037280,Malarial pigment deposition,5.0,128938009,Parasitic infection of skin,1
C0037284,Tuberculous chancre,3.0,95324001,Skin lesion,3
C0037284,Clubbing of nail (disorder),4.0,95324001,Skin lesion,3
C0037284,Spots on skin (disorder),2.0,95324001,Skin lesion,3
C0037315,Hypersomnia with sleep apnea,2.0,73430006,Sleep apnea,1
C0037672,Sleep automatism,4.0,80495009,Sleep walking disorder,1
C0037769,Seizure,169.0,28055006,West syndrome,1
C0037887,Pain (finding),136.0,61830005,Sphenopalatine neuralgia,1
C0037928,Edema of spinal cord,3.0,48522003,Spinal cord disease,1
C0037933,Other back symptoms (disorder),1.0,267968002,Vertebral column syndromes,1
C0037933,Other back symptoms (disorder),1.0,302934007,Disorder of spine,1
C0038034,Sporotrichotic chancre,3.0,42094007,Sporotrichosis (disorder),1
C0038220,Seizure,169.0,230456007,Status epilepticus,1
C0038325,Erythema of skin,89.0,73442001,Stevens-Johnson syndrome,1
C0038325,Erythematous condition,89.0,73442001,Stevens-Johnson syndrome,1
C0038354,Projectile vomiting (disorder),1.0,29384001,Disorder of stomach,2
C0038354,Gastric spasm,2.0,29384001,Disorder of stomach,2
C0038379,(Esophoria) or (strabismus NOS) or (ophthalmoplegia NOS),2.0,128602000,Heterotropia,1
C0038868,Ophthalmoplegia (disorder),11.0,28978003,Progressive supranuclear ophthalmoplegia,1
C0038870,Pain (finding),136.0,175004,Supraorbital neuralgia,1
C0039584,Inflammatory testicular mass,2.0,64910008,Disorder of testis,1
C0039621,Carpopedal spasm,1.0,10629009,Tetany (disorder),1
C0039978,Intercostal neuralgia,4.0,118946009,Disorder of thorax,1
C0040128,Pain in thyroid,1.0,14304000,Disorder of thyroid gland,2
C0040128,Tenderness of thyroid,1.0,14304000,Disorder of thyroid gland,2
C0040381,Pain (finding),136.0,95794005,Tolosa-Hunt syndrome,1
C0040409,Glossodynia (disorder),4.0,69244009,Disorder of tongue,5
C0040409,Glossopyrosis (disorder),3.0,69244009,Disorder of tongue,5
C0040409,Paresthesia of tongue,1.0,69244009,Disorder of tongue,5
C0040409,Numbness of tongue,1.0,69244009,Disorder of tongue,5
C0040409,Hypoesthesia of tongue,2.0,69244009,Disorder of tongue,5
C0040435,Loosening of tooth (disorder),2.0,234947003,Tooth disorder,1
C0040997,Pain (finding),136.0,31681005,Trigeminal neuralgia,1
C0041105,Motor dysfunction,4.0,87866006,Trismus (finding),1
C0041227,Trypanosomal chancre,4.0,78940002,Trypanosomiasis (disorder),1
C0041309,Tuberculous chancre,3.0,66986005,Tuberculosis of skin,1
C0041785,"Extensive congenital erosions, vesicles and reticulate scarring",3.0,81573002,Diffuse disease of connective tissue,1
C0041912,Purulent nasal discharge,8.0,54150009,Upper respiratory infection,1
C0041912,Purulent rhinitis,8.0,54150009,Upper respiratory infection,1
C0042024,Total urinary incontinence (finding),1.0,165232002,Urinary incontinence,5
C0042024,Urge incontinence of urine,1.0,165232002,Urinary incontinence,5
C0042024,Primary enuresis,1.0,165232002,Urinary incontinence,5
C0042024,Double incontinence (finding),2.0,165232002,Urinary incontinence,5
C0042024,Daytime enuresis,1.0,165232002,Urinary incontinence,5
C0042025,Mixed incontinence,1.0,22220005,Genuine stress incontinence,1
C0042033,Menouria,1.0,12011009,Female urinary-genital tract fistula,1
C0042075,Polyuric state,3.0,128606002,Disorder of the urinary system,2
C0042075,Polyuric state,3.0,41368006,Disorder of urinary tract,2
C0042075,Genitourinary symptoms,1.0,128606002,Disorder of the urinary system,2
C0042075,Genitourinary symptoms,1.0,41368006,Disorder of urinary tract,2
C0042109,Weal,6.0,126485001,Urticaria (disorder),11
C0042109,Weal,6.0,64305001,Urticaria (morphologic abnormality),11
C0042109,Urticaria geographica,2.0,126485001,Urticaria (disorder),11
C0042109,Urticaria geographica,2.0,64305001,Urticaria (morphologic abnormality),11
C0042109,Menstrual urticaria,2.0,126485001,Urticaria (disorder),11
C0042109,Menstrual urticaria,2.0,64305001,Urticaria (morphologic abnormality),11
C0042109,Delayed dermographism,2.0,126485001,Urticaria (disorder),11
C0042109,Delayed dermographism,2.0,64305001,Urticaria (morphologic abnormality),11
C0042109,Cold reflex urticaria,2.0,126485001,Urticaria (disorder),11
C0042109,Cold reflex urticaria,2.0,64305001,Urticaria (morphologic abnormality),11
C0042109,Delayed cold sensitivity,2.0,126485001,Urticaria (disorder),11
C0042109,Delayed cold sensitivity,2.0,64305001,Urticaria (morphologic abnormality),11
C0042109,Persisting cholinergic urticaria,2.0,126485001,Urticaria (disorder),11
C0042109,Persisting cholinergic urticaria,2.0,64305001,Urticaria (morphologic abnormality),11
C0042109,Cholinergic pruritus,2.0,126485001,Urticaria (disorder),11
C0042109,Cholinergic pruritus,2.0,64305001,Urticaria (morphologic abnormality),11
C0042109,Reflex urticaria,2.0,126485001,Urticaria (disorder),11
C0042109,Reflex urticaria,2.0,64305001,Urticaria (morphologic abnormality),11
C0042109,Immune complex urticaria,7.0,126485001,Urticaria (disorder),11
C0042109,Immune complex urticaria,7.0,64305001,Urticaria (morphologic abnormality),11
C0042109,Urticarial vasculitis (disorder),7.0,126485001,Urticaria (disorder),11
C0042109,Urticarial vasculitis (disorder),7.0,64305001,Urticaria (morphologic abnormality),11
C0042251,Hematocolpometra,1.0,25658005,Disorder of vagina,2
C0042251,Pruritus of vagina,2.0,25658005,Disorder of vagina,2
C0042268,Vulval irritation,1.0,198212006,Vaginitis and vulvovaginitis (disorder),1
C0042331,Headache (finding),59.0,193030005,Migraine variants,1
C0042345,Vulval varices in pregnancy,3.0,128060009,Venous varices,3
C0042345,Vulval varices in pregnancy,3.0,399989005,Phlebectasia,3
C0042345,Genital varices in the puerperium,2.0,128060009,Venous varices,3
C0042345,Genital varices in the puerperium,2.0,399989005,Phlebectasia,3
C0042345,Vaginal varices in the puerperium,1.0,128060009,Venous varices,3
C0042345,Vaginal varices in the puerperium,1.0,399989005,Phlebectasia,3
C0042373,Harlequin change,3.0,27550009,Vascular disorder,1
C0042376,Headache (finding),59.0,128187005,Vascular headache,2
C0042376,Thunderclap headache,2.0,128187005,Vascular headache,2
C0042420,Syncope symptom,12.0,398652001,Vasovagal attack,1
C0042420,Syncope and collapse,12.0,398652001,Vasovagal attack,1
C0042454,[D]Other speech disturbance NOS,13.0,232416001,Velopharyngeal incompetence,1
C0042454,[D]Other speech disturbance NOS,13.0,229727006,Velopharyngeal inadequacy,1
C0042454,[D]Other speech disturbance NOS,13.0,278714002,Velopharyngeal insufficiency,1
C0042454,[D]Other speech disturbance,13.0,232416001,Velopharyngeal incompetence,1
C0042454,[D]Other speech disturbance,13.0,229727006,Velopharyngeal inadequacy,1
C0042454,[D]Other speech disturbance,13.0,278714002,Velopharyngeal insufficiency,1
C0042656,Pain (finding),136.0,75983009,Vidian neuralgia,1
C0042769,Postviral excessive daytime sleepiness,1.0,34014006,Viral disease,1
C0042795,Subjective visual disturbance,7.0,421809001,Entoptic phenomenon,1
C0042798,Spherical aberration of vision,1.0,7973008,Abnormal vision,3
C0042798,Spherical aberration of vision,1.0,246635007,Dim vision,3
C0042798,Chromatic aberration of vision,2.0,7973008,Abnormal vision,3
C0042798,Chromatic aberration of vision,2.0,246635007,Dim vision,3
C0042798,Visual alteration,9.0,7973008,Abnormal vision,3
C0042798,Visual alteration,9.0,246635007,Dim vision,3
C0042994,Pruritus of vulva,1.0,5089007,Disorder of vulva,2
C0042994,Dryness of vulva,1.0,5089007,Disorder of vulva,2
C0042996,Inflammation of vulva,1.0,63144007,Vulvitis (disorder),1
C0043037,Penile warts,4.0,57019003,Verruca vulgaris,1
C0043046,Cachexia (finding),4.0,288517002,Wasting disease,1
C0043345,Dry skin (finding),1.0,52475004,Xeroderma (disorder),1
C0043352,Drug-induced xerostomia,1.0,56893005,Hyposecretion of salivary gland,1
C0043352,Drug-induced xerostomia,1.0,87715008,Aptyalism,1
C0079035,Fetal bradycardia,1.0,421869004,Bradyarrhythmia,1
C0080040,[D] Post polio exhaustion,1.0,31097004,Post poliomyelitis syndrome,1
C0085096,Paroxysmal vascular dilatation,1.0,400047006,Peripheral vascular disease,2
C0085096,Pain at rest due to peripheral vascular disease,2.0,400047006,Peripheral vascular disease,2
C0085109,Vascularization of cornea,2.0,19161004,Corneal neovascularization,1
C0085179,Pain (finding),136.0,95416007,Eosinophilia myalgia syndrome,1
C0085273,Erythema of skin,89.0,34730008,Erythema infectiosum,1
C0085273,Erythematous condition,89.0,34730008,Erythema infectiosum,1
C0085417,Seizure,169.0,407675009,Complex partial epileptic seizure,2
C0085417,Seizure,169.0,361123003,Psychomotor epilepsy,2
C0085417,Partial seizure,22.0,407675009,Complex partial epileptic seizure,2
C0085417,Partial seizure,22.0,361123003,Psychomotor epilepsy,2
C0085541,Seizure,169.0,230394006,Frontal lobe epilepsy,1
C0085543,Seizure,169.0,241006,Epilepsia partialis continua,2
C0085543,Seizure,169.0,193017009,Kojevnikov's epilepsy,2
C0085543,Partial seizure,22.0,241006,Epilepsia partialis continua,2
C0085543,Partial seizure,22.0,193017009,Kojevnikov's epilepsy,2
C0085580,Paroxysmal hypertension,3.0,59621000,Essential hypertension,1
C0085622,Transient monoplegia,1.0,86022000,Monoplegia (disorder),2
C0085622,Monoparesis (disorder),1.0,86022000,Monoplegia (disorder),2
C0085623,Motor dysfunction,4.0,33994004,Akinesia,2
C0085642,Pale complexion,8.0,238772004,Livedo reticularis,1
C0085648,Mass of musculoskeletal structure,10.0,240205003,Synovial cyst,1
C0085659,Erythema of skin,89.0,50610002,Erythema marginatum,1
C0085659,Erythematous condition,89.0,50610002,Erythema marginatum,1
C0085920,Pain (finding),136.0,76691009,Brachial plexus neuralgia,1
C0086588,Emaciated,1.0,29740003,Nutritional marasmus,1
C0086666,Angina,23.0,4557003,Preinfarction syndrome,2
C0086666,Ischemic chest pain,23.0,4557003,Preinfarction syndrome,2
C0086666,Pain (finding),136.0,4557003,Preinfarction syndrome,2
C0087012,Ataxia (finding),3.0,129609000,Spinocerebellar ataxia,1
C0149778,Purulent nasal discharge,8.0,95880003,Soft tissue infection,1
C0149778,Purulent rhinitis,8.0,95880003,Soft tissue infection,1
C0149797,Disorder of umbilicus,12.0,200724002,Umbilical granuloma,1
C0149875,Pain (finding),136.0,65754002,Primary dysmenorrhea,2
C0149875,Spasmodic dysmenorrhea,3.0,65754002,Primary dysmenorrhea,2
C0149931,Headache (finding),59.0,37796009,Migraine (disorder),1
C0149940,Sciatica (disorder),7.0,52585001,Sciatic neuropathy,1
C0149942,Ophthalmoplegia (disorder),11.0,427943001,Diabetic ophthalmoplegia,1
C0150055,Alteration in comfort: chronic pain,1.0,82423001,Chronic pain (finding),7
C0150055,Chronic abdominal pain,1.0,82423001,Chronic pain (finding),7
C0150055,Chronic pelvic pain of female,1.0,82423001,Chronic pain (finding),7
C0150055,Chronic intractable pain,1.0,82423001,Chronic pain (finding),7
C0150055,[X]Other chronic pain,1.0,82423001,Chronic pain (finding),7
C0150055,Generalized chronic body pains,1.0,82423001,Chronic pain (finding),7
C0150055,Chronic vaginal pain,2.0,82423001,Chronic pain (finding),7
C0151436,Urticarial vasculitis (disorder),7.0,60555002,Hypersensitivity angiitis,1
C0151514,Stellate pseudoscar,5.0,399979006,Atrophoderma,1
C0151532,Palatal myoclonus,5.0,95640005,Disorder of brain stem,2
C0151532,Oculopalatal myoclonus,2.0,95640005,Disorder of brain stem,2
C0151594,Diarrhea symptom,39.0,95545007,Hemorrhagic diarrhea,1
C0151594,Loose stool,39.0,95545007,Hemorrhagic diarrhea,1
C0151744,Angina,23.0,414795007,Myocardial ischemia,1
C0151744,Angina,23.0,414545008,Ischemic heart disease,1
C0151744,Ischemic chest pain,23.0,414795007,Myocardial ischemia,1
C0151744,Ischemic chest pain,23.0,414545008,Ischemic heart disease,1
C0151824,Abdominal pain,4.0,37389005,Biliary colic,3
C0151824,Abdominal pain,4.0,102628000,Gallbladder pain,3
C0151824,Colicky pain,2.0,37389005,Biliary colic,3
C0151824,Colicky pain,2.0,102628000,Gallbladder pain,3
C0151824,Pain of digestive structure,1.0,37389005,Biliary colic,3
C0151824,Pain of digestive structure,1.0,102628000,Gallbladder pain,3
C0151864,Symptomatic disorders in pregnancy,3.0,173300003,Disorder of pregnancy (disorder),1
C0152091,Bone pain (finding),2.0,77881008,Osteochondropathy,3
C0152091,Malignant bone pain,1.0,77881008,Osteochondropathy,3
C0152091,Clavicle pain,1.0,77881008,Osteochondropathy,3
C0152097,Paradoxical diaphragmatic movement,1.0,48475001,Disorder of diaphragm,3
C0152097,Diaphragmatic tic,1.0,48475001,Disorder of diaphragm,3
C0152097,Diaphragmatic paresis,1.0,48475001,Disorder of diaphragm,3
C0152110,Pain (finding),136.0,85007004,Meralgia paresthetica (disorder),2
C0152110,Lateral femoral cutaneous neuralgia,4.0,85007004,Meralgia paresthetica (disorder),2
C0152134,Ophthalmoplegia (disorder),11.0,49823009,Internuclear ophthalmoplegia,1
C0152135,Ophthalmoplegia (disorder),11.0,69763009,Exophthalmic ophthalmoplegia,1
C0152163,Spasm (finding),10.0,335002,Pylorospasm,1
C0152164,Uncontrollable vomiting,3.0,18773000,Cyclical vomiting syndrome,1
C0152167,Bowel spasm,4.0,17440005,Anal spasm,1
C0152172,Angina,23.0,59021001,Angina decubitus (disorder),2
C0152172,Ischemic chest pain,23.0,59021001,Angina decubitus (disorder),2
C0152172,Pain (finding),136.0,59021001,Angina decubitus (disorder),2
C0152197,Internal ophthalmoplegia,3.0,86266009,Total internal ophthalmoplegia,1
C0152216,Incomitant esophoria (disorder),2.0,62176008,Esophoria (disorder),2
C0152216,(Esophoria) or (strabismus NOS) or (ophthalmoplegia NOS),2.0,62176008,Esophoria (disorder),2
C0152226,Lid retraction &/or lag,1.0,60735000,Lagophthalmos,1
C0152227,Watering or tearing eyes (& [C/O]),1.0,418035005,Excessive tear production,2
C0152227,Has watering eyes,1.0,418035005,Excessive tear production,2
C0152227,Watery eye,1.0,418035005,Excessive tear production,2
C0152230,Persisting cholinergic urticaria,2.0,73098005,Cholinergic urticaria,2
C0152230,Cholinergic pruritus,2.0,73098005,Cholinergic urticaria,2
C0152251,Erythema of skin,89.0,58767000,Toxic erythema (disorder),2
C0152251,Erythematous condition,89.0,58767000,Toxic erythema (disorder),2
C0152251,Familial annular erythema,3.0,58767000,Toxic erythema (disorder),2
C0152437,Mass of female genital structure,7.0,51195001,Placental polyp,1
C0152457,Chalcosis of cornea,1.0,77103006,Kayser-Fleischer ring,1
C0152522,Diarrhea symptom,39.0,43240000,Diarrhea of presumed infectious origin,1
C0152522,Loose stool,39.0,43240000,Diarrhea of presumed infectious origin,1
C0153024,Pain (finding),136.0,17974002,Post-herpetic trigeminal neuralgia,1
C0153136,Saber shin,2.0,187350002,"[X]Other late congenital syphilis, symptomatic",1
C0154232,Bitot's spots,1.0,49340009,Vitamin A deficiency with Bitot's spot AND conjunctival xerosis,1
C0154678,Athetoid movement,8.0,192864003,Other and unspecified extrapyramidal diseases and abnormal movement disorders (disorder),2
C0154678,Athetoid movement,8.0,155003008,Other extrapyramidal disease and abnormal movement disorders (disorder),2
C0154678,Paroxysmal dystonia,4.0,192864003,Other and unspecified extrapyramidal diseases and abnormal movement disorders (disorder),2
C0154678,Paroxysmal dystonia,4.0,155003008,Other extrapyramidal disease and abnormal movement disorders (disorder),2
C0154685,Edema of spinal cord,3.0,29774004,Vascular myelopathy,1
C0154703,Monoparesis - arm,1.0,41764006,Monoplegia of upper limb,1
C0154706,Flaccid paralysis,1.0,194547008,[X]Other specified paralytic syndromes,4
C0154706,Drummers' palsy,1.0,194547008,[X]Other specified paralytic syndromes,4
C0154706,Post-hemiplegic chorea,2.0,194547008,[X]Other specified paralytic syndromes,4
C0154706,Todd's paresis,1.0,194547008,[X]Other specified paralytic syndromes,4
C0154723,Headache (finding),59.0,4473006,Migraine with aura,1
C0154728,Meningeal irritation,1.0,15758002,Disorder of meninges,1
C0154731,Pain (finding),136.0,43763009,Glossopharyngeal neuralgia,1
C0154739,Intercostal neuralgia,4.0,193122007,Other nerve root or plexus disorder,2
C0154739,Intercostal neuralgia,4.0,194508006,[X]Other nerve root and plexus disorders,2
C0154739,Ilioinguinal nerve neuralgia,7.0,193122007,Other nerve root or plexus disorder,2
C0154739,Ilioinguinal nerve neuralgia,7.0,194508006,[X]Other nerve root and plexus disorders,2
C0154753,Cruralgia,4.0,155079006,Other mononeuritis lower limb,1
C0154830,O/E - right eye proliferative diabetic retinopathy,2.0,59276001,Proliferative diabetic retinopathy (disorder),2
C0154830,O/E - left eye proliferative diabetic retinopathy,2.0,59276001,Proliferative diabetic retinopathy (disorder),2
C0154836,Retinal arteries silverwire,1.0,193366002,Other intraretinal microvascular abnormality (disorder),1
C0154840,Amaurosis fugax,4.0,87224000,Transient arterial retinal occlusion,1
C0155006,Visual hallucinations,1.0,70042006,Psychophysical visual disturbance,5
C0155006,Unformed visual hallucinations,1.0,70042006,Psychophysical visual disturbance,5
C0155006,Formed visual hallucinations,1.0,70042006,Psychophysical visual disturbance,5
C0155006,Visual alteration,9.0,70042006,Psychophysical visual disturbance,5
C0155006,Formed hallucinations of people,1.0,70042006,Psychophysical visual disturbance,5
C0155089,Diffuse inflammation,11.0,17157001,Diffuse interstitial keratitis,1
C0155093,Vascularization of cornea,2.0,4873000,Localized vascularization of cornea,1
C0155104,Stahli's line,2.0,18377001,Anterior corneal pigmentation,1
C0155170,Mass of eye structure,7.0,193901000,Conjunctival cyst,1
C0155170,Swelling of structure of eye,7.0,193901000,Conjunctival cyst,1
C0155171,Mucus conjunctival discharge,1.0,193903002,Other conjunctival disorders,2
C0155171,Mucopurulent conjunctival discharge,1.0,193903002,Other conjunctival disorders,2
C0155186,Rosenbach's sign,1.0,193969001,Other eyelid disorder NOS,2
C0155186,Rosenbach's sign,1.0,155176001,Other eyelid disorders,2
C0155186,Swelling of eyelid (finding),1.0,193969001,Other eyelid disorder NOS,2
C0155186,Swelling of eyelid (finding),1.0,155176001,Other eyelid disorders,2
C0155358,Scleral discoloration,3.0,194594000,[X]Other disorders of sclera,2
C0155358,Scleral discoloration,3.0,194148005,Other scleral disorders NOS,2
C0155358,Sclerotomal pain,1.0,194594000,[X]Other disorders of sclera,2
C0155358,Sclerotomal pain,1.0,194148005,Other scleral disorders NOS,2
C0155359,Total scleral ectasia,1.0,111534007,Scleral staphyloma,1
C0155402,Generalized tenderness in pinna,1.0,41663005,Disorder of pinna,1
C0155502,Benign paroxysmal positional vertigo nystagmus,3.0,111541001,Benign paroxysmal positional vertigo (disorder),1
C0155503,Subjective vertigo,12.0,38403006,Vertigo of central origin,2
C0155503,Brain stem vertigo,1.0,38403006,Vertigo of central origin,2
C0155527,Ear pressure sensation,1.0,194697000,[X]Other disorders of ear,4
C0155527,Ear pressure sensation,1.0,194384009,Other ear disorders,4
C0155527,Sensation of pressure in ear,1.0,194697000,[X]Other disorders of ear,4
C0155527,Sensation of pressure in ear,1.0,194384009,Other ear disorders,4
C0155527,Sensation of blocked ears,1.0,194697000,[X]Other disorders of ear,4
C0155527,Sensation of blocked ears,1.0,194384009,Other ear disorders,4
C0155527,Mass of ear structure,8.0,194697000,[X]Other disorders of ear,4
C0155527,Mass of ear structure,8.0,194384009,Other ear disorders,4
C0155527,Swelling of ear structure,1.0,194697000,[X]Other disorders of ear,4
C0155527,Swelling of ear structure,1.0,194384009,Other ear disorders,4
C0155796,Vulval varices in pregnancy,3.0,48868008,Vulval varices,2
C0155796,Genital varices in the puerperium,2.0,48868008,Vulval varices,2
C0155803,Prominent leg veins - symptom,1.0,195525003,Other specified diseases of circulatory system,1
C0155825,Pain in throat,4.0,275488008,Sore throat - chronic,1
C0155825,Sore throat symptom,4.0,275488008,Sore throat - chronic,1
C0155872,Bronchorrhea,1.0,61937009,Simple chronic bronchitis,2
C0155872,Smokers' cough,3.0,61937009,Simple chronic bronchitis,2
C0155895,Acute edema,11.0,10519008,Acute pulmonary edema due to fumes AND/OR vapors,1
C0155919,Acute edema,11.0,40541001,Acute pulmonary edema,1
C0155936,Sore gums,2.0,266418006,Gingival and periodontal disease,1
C0155959,Mass of oral cavity,7.0,196546001,Cyst of oral soft tissue,1
C0155965,Hypoesthesia of tongue,2.0,196594002,Other specified tongue conditions NOS,1
C0155965,Hypoesthesia of tongue,2.0,196591005,Other specified tongue conditions,1
C0156084,Gastrointestinal symptom,2.0,386211005,Disorder of function of stomach,1
C0156098,Appendiceal colic,2.0,196796002,Other appendix diseases NOS,1
C0156098,Appendiceal colic,2.0,196790008,Other diseases of appendix NOS,1
C0156098,Appendicular colic,2.0,196796002,Other appendix diseases NOS,1
C0156098,Appendicular colic,2.0,196790008,Other diseases of appendix NOS,1
C0156173,Diarrhea due to ingestion of unabsorbable substances,2.0,47812002,Functional diarrhea,1
C0156297,Prostatorrhea,2.0,198555006,[X]Other specified disorders of prostate,1
C0156325,Subinvolution of breast,1.0,198569006,[X]Other specified disorders of breast,5
C0156325,"Breast subinvolution, postpartum",2.0,198569006,[X]Other specified disorders of breast,5
C0156325,Postpartum subinvolution of breast,2.0,198569006,[X]Other specified disorders of breast,5
C0156325,Peau d'orange surface of breast,2.0,198569006,[X]Other specified disorders of breast,5
C0156325,Generalized tenderness of breast,1.0,198569006,[X]Other specified disorders of breast,5
C0156325,Localized tenderness of breast,1.0,198569006,[X]Other specified disorders of breast,5
C0156344,Pain (finding),136.0,266589005,Endometriosis of ovary,1
C0156345,Pain (finding),136.0,198251001,Endometriosis of pelvic peritoneum,1
C0156346,Pain (finding),136.0,198253003,Endometriosis of rectovaginal septum and vagina,1
C0156347,Pain (finding),136.0,5562006,Endometriosis of intestine,1
C0156348,Pain (finding),136.0,53913001,Endometriosis in scar of skin,1
C0156383,Abnormal vaginal odor,1.0,22741003,Noninflammatory disorder of the vagina,1
C0156407,Menopausal problem,1.0,266677000,Menopausal and postmenopausal disorders,1
C0156678,Seizure,169.0,303063000,Eclampsia in puerperium,1
C0156697,Finding of vomiting,16.0,199027009,Hyperemesis gravidarum with metabolic disturbance - delivered,1
C0156697,Vomiting symptom,16.0,199027009,Hyperemesis gravidarum with metabolic disturbance - delivered,1
C0157669,Breastfeeding painful,1.0,200453000,Other disorder of lactation unspecified,1
C0157669,Breastfeeding painful,1.0,200568002,[X]Other and unspecified disorders of lactation,1
C0157669,Breastfeeding painful,1.0,200458009,Other disorder of lactation NOS,1
C0157729,Abnormal granulation tissue,3.0,201074001,Other abnormal granulation tissue NOS,1
C0157731,Subungual hyperkeratosis,3.0,267807006,Other specified nail disease NOS,13
C0157731,Subungual hyperkeratosis,3.0,201115009,Other specified nail disease,13
C0157731,Koilonychia,5.0,267807006,Other specified nail disease NOS,13
C0157731,Koilonychia,5.0,201115009,Other specified nail disease,13
C0157731,Lamellar nail splitting,2.0,267807006,Other specified nail disease NOS,13
C0157731,Lamellar nail splitting,2.0,201115009,Other specified nail disease,13
C0157731,Beau's lines,2.0,267807006,Other specified nail disease NOS,13
C0157731,Beau's lines,2.0,201115009,Other specified nail disease,13
C0157731,Clubbing of nail (disorder),4.0,267807006,Other specified nail disease NOS,13
C0157731,Clubbing of nail (disorder),4.0,201115009,Other specified nail disease,13
C0157731,Onychomadesis,2.0,267807006,Other specified nail disease NOS,13
C0157731,Onychomadesis,2.0,201115009,Other specified nail disease,13
C0157731,Change in nail appearance,1.0,267807006,Other specified nail disease NOS,13
C0157731,Change in nail appearance,1.0,201115009,Other specified nail disease,13
C0157731,Nail shedding,1.0,267807006,Other specified nail disease NOS,13
C0157731,Nail shedding,1.0,201115009,Other specified nail disease,13
C0157731,Splits in nails,1.0,267807006,Other specified nail disease NOS,13
C0157731,Splits in nails,1.0,201115009,Other specified nail disease,13
C0157731,Grooving of nail,1.0,267807006,Other specified nail disease NOS,13
C0157731,Grooving of nail,1.0,201115009,Other specified nail disease,13
C0157731,Thin nails,1.0,267807006,Other specified nail disease NOS,13
C0157731,Thin nails,1.0,201115009,Other specified nail disease,13
C0157731,Transverse split nail,1.0,267807006,Other specified nail disease NOS,13
C0157731,Transverse split nail,1.0,201115009,Other specified nail disease,13
C0157731,Splitting toenail,1.0,267807006,Other specified nail disease NOS,13
C0157731,Splitting toenail,1.0,201115009,Other specified nail disease,13
C0157735,Unpleasant odor of axilla,1.0,201203002,Other specified sweat gland disorders,2
C0157735,Unpleasant odor of genitalia,1.0,201203002,Other specified sweat gland disorders,2
C0158053,Knee locking,1.0,63643000,Derangement of knee (disorder),1
C0158225,Finger joint laxity,1.0,202627009,Other specified joint disorders of the hand,1
C0158227,Infrapatellar tenderness,1.0,202629007,Other specified joint disorders of the lower leg,1
C0158228,Metatarsophalangeal joint laxity,1.0,202630002,Other specified joint disorders of the ankle and foot,1
C0158231,Popeye sign,1.0,202636008,"Joint disorder NOS, of shoulder region",2
C0158231,Shoulder joint laxity,1.0,202636008,"Joint disorder NOS, of shoulder region",2
C0158232,Elbow joint laxity,1.0,202637004,"Joint disorder NOS, of the upper arm",1
C0158233,Wrist joint laxity,1.0,202638009,"Joint disorder NOS, of the forearm",1
C0158234,Thumb joint laxity,1.0,428360003,Arthropathy of joint of hand,1
C0158281,Cervicobrachialgia,1.0,33420007,Diffuse cervicobrachial syndrome,1
C0158292,Sacrocoxalgia,1.0,12820001,Disorder of sacrum,5
C0158292,Sacral back pain,1.0,12820001,Disorder of sacrum,5
C0158292,Sacroiliac joint pain,1.0,12820001,Disorder of sacrum,5
C0158292,Sacroiliac joint laxity,1.0,12820001,Disorder of sacrum,5
C0158292,Sacroiliac joint stiff,1.0,12820001,Disorder of sacrum,5
C0158296,Pain in the coccyx,2.0,111238009,Other disorder of coccyx -RETIRED-,1
C0158298,Lumbar ache - renal,1.0,156645001,Back disorders - other,2
C0158298,Cervical spine stiff,1.0,156645001,Back disorders - other,2
C0158319,Metatarsalgia (finding),2.0,21409006,Enthesopathy of ankle AND/OR tarsus,1
C0158326,Tendon sheath effusion,1.0,268003009,"Other synovial, tendon and bursa disorders",3
C0158326,Tendon sheath effusion,1.0,202899002,"Other disorders of the synovium, tendon and bursa",3
C0158326,Nodule on tendon,1.0,268003009,"Other synovial, tendon and bursa disorders",3
C0158326,Nodule on tendon,1.0,202899002,"Other disorders of the synovium, tendon and bursa",3
C0158326,Thickening of tendon sheath,1.0,268003009,"Other synovial, tendon and bursa disorders",3
C0158326,Thickening of tendon sheath,1.0,202899002,"Other disorders of the synovium, tendon and bursa",3
C0158334,Mass of musculoskeletal structure,10.0,78435003,Ganglion of joint,1
C0158352,Spastic paraparesis,1.0,268006001,"Muscle, ligament and fascia disorders",10
C0158352,Musculoskeletal hypomobility,1.0,268006001,"Muscle, ligament and fascia disorders",10
C0158352,Musculoskeletal immobility,1.0,268006001,"Muscle, ligament and fascia disorders",10
C0158352,Cerebral paraparesis,1.0,268006001,"Muscle, ligament and fascia disorders",10
C0158352,Weakness of face muscles,1.0,268006001,"Muscle, ligament and fascia disorders",10
C0158352,Floppy muscles,1.0,268006001,"Muscle, ligament and fascia disorders",10
C0158352,Muscle tone atonic,1.0,268006001,"Muscle, ligament and fascia disorders",10
C0158352,Upper facial weakness,1.0,268006001,"Muscle, ligament and fascia disorders",10
C0158352,Quadriceps weakness,1.0,268006001,"Muscle, ligament and fascia disorders",10
C0158352,Calf muscle weakness,1.0,268006001,"Muscle, ligament and fascia disorders",10
C0158370,Polyalgia,3.0,203855003,[X]Other soft tissue disorders,3
C0158370,Mass of body region,3.0,203855003,[X]Other soft tissue disorders,3
C0158370,Mass of trunk,4.0,203855003,[X]Other soft tissue disorders,3
C0158940,Tachypnea (finding),2.0,7550008,Transitory tachypnea of newborn (disorder),1
C0158976,Hepatocellular jaundice,4.0,10877007,Perinatal jaundice due to hepatocellular damage,1
C0159020,Seizure,169.0,87476004,Convulsions in the newborn,1
C0159027,Fetal souffle,1.0,206703004,[X]Other specified conditions originating in the perinatal period,3
C0159027,Excessive crying of newborn,1.0,206703004,[X]Other specified conditions originating in the perinatal period,3
C0159027,Disorder of umbilicus,12.0,206703004,[X]Other specified conditions originating in the perinatal period,3
C0162281,Corneal pigmentations and deposits,4.0,74460005,Corneal deposit,3
C0162281,Melanin pigmentation of cornea,2.0,74460005,Corneal deposit,3
C0162281,Blood pigmentation of cornea,2.0,74460005,Corneal deposit,3
C0162292,Ophthalmoplegia (disorder),11.0,19373007,External ophthalmoplegia,1
C0162296,Joint pain,2.0,35678005,Multiple joint pain,1
C0162429,Starvation (disorder),5.0,47563007,Deficiency state,2
C0162429,Starvation (disorder),5.0,248325000,Undernourished,2
C0162429,Starvation (disorder),5.0,70241007,Nutritional deficiency,2
C0162429,Inanition (disorder),1.0,47563007,Deficiency state,2
C0162429,Inanition (disorder),1.0,248325000,Undernourished,2
C0162429,Inanition (disorder),1.0,70241007,Nutritional deficiency,2
C0162627,Meningococcal rash,3.0,128936008,Bacterial infection of skin,1
C0162672,Seizure,169.0,57254004,Fukuhara syndrome,1
C0162672,Seizure,169.0,68448003,Myoclonus epilepsy AND ragged red fibers,1
C0162672,Seizure,169.0,230426003,Myoclonic epilepsy - ragged red fibers,1
C0162809,Loss of sense of smell,2.0,93559003,Hypogonadism with anosmia,1
C0162819,Face goes red,3.0,11263005,Vascular disease of the skin,2
C0162819,Stellate pseudoscar,5.0,11263005,Vascular disease of the skin,2
C0162835,Achromia of skin (disorder),4.0,23006000,Skin hypopigmented,1
C0162835,Achromia of skin (disorder),4.0,18655006,Depigmentation,1
C0178298,Blanching of skin (finding),1.0,80659006,Disorder of skin AND/OR subcutaneous tissue,6
C0178298,Scaly scalp,1.0,80659006,Disorder of skin AND/OR subcutaneous tissue,6
C0178298,Perineal irritation,1.0,80659006,Disorder of skin AND/OR subcutaneous tissue,6
C0178298,Abnormal complexion,1.0,80659006,Disorder of skin AND/OR subcutaneous tissue,6
C0178298,Stinging of skin,1.0,80659006,Disorder of skin AND/OR subcutaneous tissue,6
C0178298,Sore skin (finding),2.0,80659006,Disorder of skin AND/OR subcutaneous tissue,6
C0178829,Pruritus of genital organs,1.0,362968007,Disorder of reproductive system,1
C0205930,Pain (finding),136.0,7359008,Algoneurodystrophy (disorder),1
C0206042,Insomnia (disorder),7.0,83157008,Fatal familial insomnia,1
C0206064,Chest pain,4.0,233845001,Cardiac syndrome X,2
C0206064,[X]Other chest pain,1.0,233845001,Cardiac syndrome X,2
C0206586,Secondary endolymphatic hydrops,2.0,9794007,Endolymphatic hydrops,1
C0220669,Seizure,169.0,279953009,Familial neonatal seizures,1
C0220669,Seizure,169.0,230410004,Benign neonatal familial convulsions,1
C0221005,Large liver,2.0,80660001,Mauriac's syndrome,1
C0221048,Hard edema,5.0,4641009,Myxedema heart disease,1
C0221058,Headache (finding),59.0,49605003,Ophthalmoplegic migraine,2
C0221058,Ophthalmoplegia (disorder),11.0,49605003,Ophthalmoplegic migraine,2
C0221061,Cerebellar ataxia,11.0,66988006,Abortive cerebellar ataxia,1
C0221152,Constipation (disorder),12.0,111360009,Obstipation (disorder),1
C0221207,Cold reflex urticaria,2.0,74774004,Urticaria due to cold,2
C0221207,Delayed cold sensitivity,2.0,74774004,Urticaria due to cold,2
C0221237,(Sore lip) or (angular stomatitis &/or cheilitis),1.0,266429005,Angular cheilitis,1
C0221237,(Sore lip) or (angular stomatitis &/or cheilitis),1.0,367523002,Perleche,1
C0221243,Erythema of skin,89.0,15576007,Necrolytic migratory erythema,1
C0221243,Erythematous condition,89.0,15576007,Necrolytic migratory erythema,1
C0221260,Koilonychia,5.0,87065009,Dystrophia unguium,3
C0221260,Lamellar nail splitting,2.0,87065009,Dystrophia unguium,3
C0221260,Beau's lines,2.0,87065009,Dystrophia unguium,3
C0221370,[X]Other signs and symptoms in breast,2.0,31845005,Retraction of nipple (disorder),1
C0221385,Gummatous inflammation (morphologic abnormality),8.0,64102008,Syphilitic gumma (disorder),1
C0231586,Range of joint movement increased,1.0,80598009,Joint function disorder,1
C0231586,Joint laxity,1.0,80598009,Joint function disorder,1
C0231644,Chest pain,4.0,89638008,Xiphodynia,2
C0231644,Bone pain (finding),2.0,89638008,Xiphodynia,2
C0231767,Pain in lower limb (finding),2.0,4063001,Achillodynia,2
C0231767,Tenalgia,1.0,4063001,Achillodynia,2
C0231926,Abnormal breathing,1.0,11483009,Ventilatory defect,1
C0232065,Drug-induced apnea,1.0,7688001,Ether apnea,1
C0232266,"[D]Heart murmur, undiagnosed",1.0,59685007,Continuous murmur,1
C0232710,Diarrhea symptom,39.0,31499008,Chronic constipation with overflow,1
C0232710,Loose stool,39.0,31499008,Chronic constipation with overflow,1
C0232711,Diarrhea symptom,39.0,11003002,Nervous diarrhea,1
C0232711,Loose stool,39.0,11003002,Nervous diarrhea,1
C0233213,Clinical sign related to pregnancy,1.0,56160003,Hydrorrhea gravidarum,1
C0233444,Exhaustion,2.0,10361001,Exhaustion delirium,1
C0233501,Mood hypersomnia,1.0,71529007,Physiological disturbance associated with mood,1
C0234170,Abnormal reflex,3.0,44842005,General areflexia,1
C0234221,Paresthesia (finding),1.0,79256006,Acroparesthesia (finding),1
C0234240,Headache (finding),59.0,4448006,Allergic headache,1
C0234247,Neuropathic pain,16.0,112102006,Atypical neuralgia,2
C0234247,Pain (finding),136.0,112102006,Atypical neuralgia,2
C0234249,Pain (finding),136.0,112103001,Stump neuralgia,1
C0234365,Athetoid movement,8.0,49275006,Athetoid paralysis,2
C0234365,Involuntary movement,5.0,49275006,Athetoid paralysis,2
C0234365,Involuntary movement symptom,5.0,49275006,Athetoid paralysis,2
C0234434,Syncope symptom,12.0,58077008,Hypotensive syncope,1
C0234434,Syncope and collapse,12.0,58077008,Hypotensive syncope,1
C0234435,C/O - cough,2.0,90129003,Tussive syncope,1
C0234497,[X]Other and unspecified symbolic dysfunctions,6.0,26610007,Amusia,1
C0234497,[D]Other symbolic dysfunction,6.0,26610007,Amusia,1
C0234507,[D]Other general symptoms NOS,3.0,20930002,Anosognosia,1
C0234507,[D]Other general symptoms,3.0,20930002,Anosognosia,1
C0234517,[D]Other speech disturbance NOS,13.0,48257004,Anarthria,1
C0234517,[D]Other speech disturbance,13.0,48257004,Anarthria,1
C0234527,[X]Other and unspecified symbolic dysfunctions,6.0,53863007,Motor apraxia,1
C0234527,[D]Other symbolic dysfunction,6.0,53863007,Motor apraxia,1
C0234533,Seizure,169.0,246545002,Generalized seizure,3
C0234533,Tonic-clonic seizure,2.0,246545002,Generalized seizure,3
C0234533,Grand mal seizure,2.0,246545002,Generalized seizure,3
C0234534,Seizure,169.0,58895005,Central convulsion,2
C0234538,Seizure,169.0,9112001,Puerperal convulsion,2
C0234539,Seizure,169.0,71587006,Tetanic convulsion,1
C0234541,Seizure,169.0,73706008,Epileptic cry,2
C0234545,Seizure,169.0,49481000,Postseizure delirium,1
C0234549,Seizure,169.0,19334007,Stress seizure,2
C0234753,Subjective vertigo,12.0,69017006,Cortical vertigo,1
C0234755,Subjective vertigo,12.0,78977005,Ocular vertigo,2
C0234755,Dizziness and giddiness,3.0,78977005,Ocular vertigo,2
C0234756,Subjective vertigo,12.0,18871009,Cerebellar vertigo,1
C0234906,Erythema of skin,89.0,200920000,Annular erythema,2
C0234906,Erythematous condition,89.0,200920000,Annular erythema,2
C0234906,Familial annular erythema,3.0,200920000,Annular erythema,2
C0234974,Seizure,169.0,79348005,"Simple partial seizure, consciousness not impaired",3
C0234974,Partial seizure,22.0,79348005,"Simple partial seizure, consciousness not impaired",3
C0234978,Seizure,169.0,267592003,Motor cortex epilepsy,1
C0235238,Internal ophthalmoplegia,3.0,68158006,Cycloplegia,1
C0235522,Distended umbilical veins,1.0,90507008,Disorder of vein,1
C0235560,Blood streaked sputum,2.0,95431003,Respiratory tract hemorrhage (disorder),1
C0235840,Diarrhea symptom,39.0,268850004,Neonatal diarrhea,1
C0235840,Loose stool,39.0,268850004,Neonatal diarrhea,1
C0236036,Erythema of skin,89.0,95331002,Ocular-mucous membrane syndrome,1
C0236036,Erythematous condition,89.0,95331002,Ocular-mucous membrane syndrome,1
C0236048,Mass of digestive structure,22.0,78809005,Gastric polyp,1
C0236048,Mass of digestive structure,22.0,87252009,Gastric polyposis,1
C0236103,Application site anesthesia,1.0,95364002,Application site disorder,1
C0238111,Seizure,169.0,230418006,Lennox-Gastaut syndrome (disorder),1
C0238185,Hard edema,5.0,10718002,Juvenile myxedema,1
C0238232,Mass of respiratory structure,11.0,86423004,Polyp of larynx,1
C0238738,Spasm (finding),10.0,203095000,Spasm of back muscles,1
C0238902,Headache (finding),59.0,21615003,Autonomic facial cephalgia,2
C0238902,Headache (finding),59.0,230482003,Carotidynia,2
C0238902,Pain (finding),136.0,21615003,Autonomic facial cephalgia,2
C0238902,Pain (finding),136.0,230482003,Carotidynia,2
C0240225,Mass of digestive structure,22.0,300332007,Liver mass,1
C0241075,Changes in skin texture,2.0,34319007,Induration of skin,1
C0241880,Pain (finding),136.0,26681001,Endometriosis of pelvis,1
C0242078,Mass of eye structure,7.0,232073009,Angiomatosis of retina,1
C0242078,Swelling of structure of eye,7.0,232073009,Angiomatosis of retina,1
C0242225,Visual alteration,9.0,367469000,Color vision deficiency,1
C0242354,"Extensive congenital erosions, vesicles and reticulate scarring",3.0,66091009,Congenital disease,1
C0242420,Localized retinal edema,1.0,6141006,Retinal edema,2
C0242420,Peripheral retinal edema,1.0,6141006,Retinal edema,2
C0260662,Leudet's tinnitus,2.0,362966006,Disorder of auditory system,1
C0260662,Leudet's tinnitus,2.0,362989003,Auditory dysfunction,1
C0260662,Leudet's tinnitus,2.0,128540005,Hearing disorder,1
C0262979,Trypanosomal chancre,4.0,277408007,Histologic type of inflammatory skin disorder,1
C0262995,Diffuse inflammation,11.0,58921009,Diffuse dermatitis,1
C0263112,Disorder of umbilicus,12.0,63870005,Abscess of umbilicus,1
C0263152,Disorder of umbilicus,12.0,56644003,Cellulitis of umbilicus,1
C0263191,Disorder of umbilicus,12.0,3038009,Acute lymphangitis of umbilicus,1
C0263213,Pustular rash (morphologic abnormality),7.0,62248006,Juvenile pyoderma,1
C0263216,Pustular rash (morphologic abnormality),7.0,85207007,Bacterid,1
C0263217,Pustular rash (morphologic abnormality),7.0,3533007,Pustular bacterid,1
C0263318,Erythema of skin,89.0,22972008,"Erythema multiforme, dermal type",1
C0263318,Erythematous condition,89.0,22972008,"Erythema multiforme, dermal type",1
C0263319,Erythema of skin,89.0,86563000,"Erythema multiforme, mixed dermal-epidermal type",1
C0263319,Erythematous condition,89.0,86563000,"Erythema multiforme, mixed dermal-epidermal type",1
C0263320,Erythema of skin,89.0,73658009,"Erythema multiforme, epidermal type",1
C0263320,Erythematous condition,89.0,73658009,"Erythema multiforme, epidermal type",1
C0263322,Erythema of skin,89.0,81487000,Erythema iris,1
C0263322,Erythematous condition,89.0,81487000,Erythema iris,1
C0263323,Erythema of skin,89.0,28664002,Herpes iris,1
C0263323,Erythematous condition,89.0,28664002,Herpes iris,1
C0263336,Immune complex urticaria,7.0,40370006,Immunologic urticaria,1
C0263342,Macule (morphologic abnormality),5.0,79564001,"Urticaria pigmentosa, maculopapular type",1
C0263351,Pruritus of skin,26.0,42570001,Pruritus senilis,2
C0263351,Itching of skin,26.0,42570001,Pruritus senilis,2
C0263351,Itch of skin,26.0,42570001,Pruritus senilis,2
C0263351,Other specified pruritic conditions (disorder),6.0,42570001,Pruritus senilis,2
C0263352,Pruritus of skin,26.0,55608001,Prurigo simplex,1
C0263352,Itching of skin,26.0,55608001,Prurigo simplex,1
C0263352,Itch of skin,26.0,55608001,Prurigo simplex,1
C0263353,Pruritus of skin,26.0,63501000,Prurigo nodularis (disorder),1
C0263353,Itching of skin,26.0,63501000,Prurigo nodularis (disorder),1
C0263353,Itch of skin,26.0,63501000,Prurigo nodularis (disorder),1
C0263357,Erythema of skin,89.0,77300003,Erythema gyratum repens,1
C0263357,Erythematous condition,89.0,77300003,Erythema gyratum repens,1
C0263358,Erythema of skin,89.0,399914006,Erythema annulare centrifugum,2
C0263358,Erythematous condition,89.0,399914006,Erythema annulare centrifugum,2
C0263358,Familial annular erythema,3.0,399914006,Erythema annulare centrifugum,2
C0263359,Erythema of skin,89.0,58942006,Erythema dyschromicum perstans,1
C0263359,Erythematous condition,89.0,58942006,Erythema dyschromicum perstans,1
C0263360,Erythema of skin,89.0,16921000,"Other specified erythematous condition, NEC",1
C0263360,Erythematous condition,89.0,16921000,"Other specified erythematous condition, NEC",1
C0263398,Erythema of skin,89.0,58872001,Erythema elevatum diutinum (disorder),1
C0263398,Erythematous condition,89.0,58872001,Erythema elevatum diutinum (disorder),1
C0263426,Erythema of skin,89.0,86425006,Ulerythema,1
C0263426,Erythematous condition,89.0,86425006,Ulerythema,1
C0263427,Erythema of skin,89.0,51057008,Ulerythema of cheeks,1
C0263427,Erythematous condition,89.0,51057008,Ulerythema of cheeks,1
C0263471,Erythema of skin,89.0,22818000,Granulosis rubra nasi,1
C0263471,Erythematous condition,89.0,22818000,Granulosis rubra nasi,1
C0263577,Erythema of skin,89.0,78631004,Erythromelanosis follicularis of face AND/OR neck,1
C0263577,Erythematous condition,89.0,78631004,Erythromelanosis follicularis of face AND/OR neck,1
C0263589,Drug pigmentation,7.0,18869009,Chlorpromazine pigmentation,1
C0263599,Drug pigmentation,7.0,54739001,Chrysoderma,1
C0263630,Abnormal granulation tissue,3.0,24782002,Hypertrophic condition of skin,1
C0263654,Pain (finding),136.0,50510006,Painful piezogenic pedal papules,1
C0263655,Pain (finding),136.0,73501001,Painful pigmented pressure papules,1
C0263656,"[D]Local superficial swelling, mass or lump NOS",3.0,56270008,Surfer's nodules,1
C0263656,"[D]Local superficial swelling, mass or lump",3.0,56270008,Surfer's nodules,1
C0263657,"[D]Local superficial swelling, mass or lump NOS",3.0,16432008,Slap nodules of wrist,1
C0263657,"[D]Local superficial swelling, mass or lump",3.0,16432008,Slap nodules of wrist,1
C0263658,"[D]Local superficial swelling, mass or lump NOS",3.0,34835007,Picker's nodules,1
C0263658,"[D]Local superficial swelling, mass or lump",3.0,34835007,Picker's nodules,1
C0263660,Polyalgia,3.0,312225001,Musculoskeletal and connective tissue disorder,1
C0263835,Painful swelling of joint,2.0,66553004,"Effusion of joint of other site, NEC",1
C0263843,(Other joint symptoms of the pelvic region and thigh) or (hip snapping) or (irritable hip),1.0,11568002,Snapping hip (disorder),1
C0263866,Pain (finding),136.0,46960006,Lumbago-sciatica due to displacement of lumbar intervertebral disc,2
C0263866,Sciatica (disorder),7.0,46960006,Lumbago-sciatica due to displacement of lumbar intervertebral disc,2
C0263885,Wry neck/torticollis,5.0,89902003,Grisel's syndrome,1
C0263888,Ilioinguinal nerve neuralgia,7.0,33308003,Disorder of back,2
C0263888,Genitofemoral nerve neuralgia,6.0,33308003,Disorder of back,2
C0263894,Pain (finding),136.0,54314008,Putti-Chavany syndrome,2
C0263894,Sciatica (disorder),7.0,54314008,Putti-Chavany syndrome,2
C0263964,Mass of musculoskeletal structure,10.0,35852003,Ganglion of aponeurosis,1
C0263978,Arm claudication,1.0,19660004,Disorder of soft tissue,1
C0264003,Pain (finding),136.0,30173002,Primary fibrositis,1
C0264004,Pain (finding),136.0,85879003,Secondary fibrositis,1
C0264130,Pain (finding),136.0,89874002,Xiphoidalgia syndrome,1
C0264201,Pain finding at anatomical site,1.0,41624003,Segmental dysfunction,1
C0264280,Edema of uvula,3.0,60416001,Edema of nasopharynx,1
C0264291,Mass of respiratory structure,11.0,60100005,Cyst of pharynx,2
C0264291,Mass of digestive structure,22.0,60100005,Cyst of pharynx,2
C0264305,Hemiplegia (disorder),11.0,84160009,Laryngeal hemiplegia,1
C0264309,Aphonia paralytica,1.0,57781000,Disorder of vocal cord,1
C0264477,Diffuse inflammation,11.0,19274004,Grain-handlers' disease,1
C0264584,Mass of musculoskeletal structure,10.0,35893006,Diaphragmatic cyst,1
C0264589,Spastic dysphonia,4.0,19903002,Adductor spastic dysphonia,1
C0264594,Dysphonia of organic tremor,2.0,56509006,Adductor spastic dysphonia of organic voice tremor,1
C0264597,Spastic dysphonia,4.0,31283000,Abductor spastic dysphonia,1
C0264600,Flaccid dysphonia,2.0,71941009,Neurologic voice disorder,4
C0264600,Spastic pseudobulbar dysphonia,2.0,71941009,Neurologic voice disorder,4
C0264600,Dysphonia of organic tremor,2.0,71941009,Neurologic voice disorder,4
C0264603,Flaccid dysphonia,2.0,63576006,Mixed flaccid-spastic pseudobulbar dysphonia,2
C0264603,Spastic pseudobulbar dysphonia,2.0,63576006,Mixed flaccid-spastic pseudobulbar dysphonia,2
C0264608,Myoclonic disorder,29.0,30736009,Dysphonia of palatopharyngolaryngeal myoclonus,1
C0264611,Loss of voice,5.0,74227009,Apraxic aphonia,2
C0264611,[X]Other and unspecified symbolic dysfunctions,6.0,74227009,Apraxic aphonia,2
C0264611,[D]Other symbolic dysfunction,6.0,74227009,Apraxic aphonia,2
C0264612,[D]Other speech disturbance NOS,13.0,90662007,Dysprosody of 'pseudoforeign dialect',1
C0264612,[D]Other speech disturbance,13.0,90662007,Dysprosody of 'pseudoforeign dialect',1
C0264624,Mass of respiratory structure,11.0,68489000,Vocal nodules in children,1
C0264625,Mass of respiratory structure,11.0,57355001,Vocal nodules in adults,1
C0264675,Angina,23.0,61490001,"Angina, class I",3
C0264675,Ischemic chest pain,23.0,61490001,"Angina, class I",3
C0264675,Pain (finding),136.0,61490001,"Angina, class I",3
C0264675,[X]Other forms of angina pectoris,14.0,61490001,"Angina, class I",3
C0264676,Angina,23.0,41334000,"Angina, class II",3
C0264676,Ischemic chest pain,23.0,41334000,"Angina, class II",3
C0264676,Pain (finding),136.0,41334000,"Angina, class II",3
C0264676,[X]Other forms of angina pectoris,14.0,41334000,"Angina, class II",3
C0264677,Angina,23.0,85284003,"Angina, class III",3
C0264677,Ischemic chest pain,23.0,85284003,"Angina, class III",3
C0264677,Pain (finding),136.0,85284003,"Angina, class III",3
C0264677,[X]Other forms of angina pectoris,14.0,85284003,"Angina, class III",3
C0264678,Angina,23.0,89323001,"Angina, class IV",3
C0264678,Ischemic chest pain,23.0,89323001,"Angina, class IV",3
C0264678,Pain (finding),136.0,89323001,"Angina, class IV",3
C0264678,[X]Other forms of angina pectoris,14.0,89323001,"Angina, class IV",3
C0264679,Angina,23.0,35928006,Nocturnal angina,2
C0264679,Ischemic chest pain,23.0,35928006,Nocturnal angina,2
C0264679,Pain (finding),136.0,35928006,Nocturnal angina,2
C0264680,Angina,23.0,19057007,Status anginosus,3
C0264680,Ischemic chest pain,23.0,19057007,Status anginosus,3
C0264680,Pain (finding),136.0,19057007,Status anginosus,3
C0264680,[X]Other forms of angina pectoris,14.0,19057007,Status anginosus,3
C0264681,Angina,23.0,21470009,Syncope anginosa,3
C0264681,Ischemic chest pain,23.0,21470009,Syncope anginosa,3
C0264681,Pain (finding),136.0,21470009,Syncope anginosa,3
C0264681,[X]Other forms of angina pectoris,14.0,21470009,Syncope anginosa,3
C0264693,Pain (finding),136.0,194823009,Acute coronary insufficiency,1
C0264886,Tic-tac rhythm,1.0,44808001,Conduction disorder of the heart (disorder),1
C0265808,Cyanosis of skin,6.0,12770006,Cyanotic congenital heart disease (disorder),2
C0265808,Central cyanosis (disorder),2.0,12770006,Cyanotic congenital heart disease (disorder),2
C0265894,Mass of trunk,4.0,16972009,Congenital aneurysm of aorta,1
C0266000,Koilonychia,5.0,18749008,Congenital koilonychia,1
C0266102,Mass of digestive structure,22.0,78753008,Globulo-maxillary cyst,1
C0266104,Mass of oral cavity,7.0,64268004,Median palatal cyst,1
C0266105,Mass of digestive structure,22.0,90516007,Naso-labial cyst,1
C0266837,Colicky pain,2.0,25959004,Endemic colic,1
C0266919,Mass of oral cavity,7.0,45676007,Gingival polyp,1
C0266998,Palatal myoclonus,5.0,41188003,Disorder of oral soft tissues,3
C0266998,Edema of oral soft tissues,4.0,41188003,Disorder of oral soft tissues,3
C0266998,Sublingual sialectasia,1.0,41188003,Disorder of oral soft tissues,3
C0267005,Mass of digestive structure,22.0,67045005,Lymphoepithelial cyst of mouth,1
C0267032,Mass of oral cavity,7.0,1826005,Granuloma of lip,1
C0267167,Indigestion symptoms,1.0,3696007,Nonulcer dyspepsia (disorder),1
C0267167,Indigestion symptom NOS,1.0,3696007,Nonulcer dyspepsia (disorder),1
C0267172,Finding of vomiting,16.0,49206006,Habit vomiting (disorder),2
C0267172,Vomiting symptom,16.0,49206006,Habit vomiting (disorder),2
C0267172,Uncontrollable vomiting,3.0,49206006,Habit vomiting (disorder),2
C0267173,Finding of vomiting,16.0,3094009,Vomiting in infants AND/OR children,2
C0267173,Vomiting symptom,16.0,3094009,Vomiting in infants AND/OR children,2
C0267173,Vomiting in newborn,2.0,3094009,Vomiting in infants AND/OR children,2
C0267204,Nausea and vomiting (disorder),2.0,419219000,Drug-induced nausea and vomiting,3
C0267204,Finding of vomiting,16.0,419219000,Drug-induced nausea and vomiting,3
C0267204,Vomiting symptom,16.0,419219000,Drug-induced nausea and vomiting,3
C0267204,[D]Drug-induced vomiting,1.0,419219000,Drug-induced nausea and vomiting,3
C0267206,Mass of digestive structure,22.0,18935007,Isolated idiopathic granuloma of stomach,1
C0267397,Pain (finding),136.0,75938008,Alimentary tract pain due to vascular insufficiency,1
C0267436,Diarrhea symptom,39.0,69980003,Non-infective diarrhea,1
C0267436,Loose stool,39.0,69980003,Non-infective diarrhea,1
C0267437,Diarrhea symptom,39.0,49237006,Allergic diarrhea,1
C0267437,Loose stool,39.0,49237006,Allergic diarrhea,1
C0267438,Diarrhea symptom,39.0,83134002,Dietetic diarrhea,1
C0267438,Loose stool,39.0,83134002,Dietetic diarrhea,1
C0267492,Mass of digestive structure,22.0,83976009,Granuloma of intestine,1
C0267509,Constipation (disorder),12.0,82934008,Chronic idiopathic constipation,2
C0267509,Chronic constipation,1.0,82934008,Chronic idiopathic constipation,2
C0267510,Constipation (disorder),12.0,85920003,Constipation by outlet obstruction,1
C0267511,Constipation (disorder),12.0,21782001,Drug-induced constipation,1
C0267515,Anal pain (finding),2.0,35074008,Chronic idiopathic anal pain,2
C0267517,Bowel spasm,4.0,30993009,Enterospasm,1
C0267518,Bowel spasm,4.0,1045000,Colonospasm (disorder),1
C0267525,Finding of vomiting,16.0,11767005,Bilious vomiting following gastrointestinal surgery,3
C0267525,Vomiting symptom,16.0,11767005,Bilious vomiting following gastrointestinal surgery,3
C0267525,Postoperative vomiting,1.0,11767005,Bilious vomiting following gastrointestinal surgery,3
C0267545,"Flatulence, eructation and gas pain",1.0,85187004,Tympanites of cecum,1
C0267556,Diarrhea symptom,39.0,2946003,Osmotic diarrhea,2
C0267556,Loose stool,39.0,2946003,Osmotic diarrhea,2
C0267556,Diarrhea due to ingestion of unabsorbable substances,2.0,2946003,Osmotic diarrhea,2
C0267557,Diarrhea symptom,39.0,15699003,Secretory diarrhea,1
C0267557,Loose stool,39.0,15699003,Secretory diarrhea,1
C0267558,Diarrhea symptom,39.0,65979008,Drug AND/OR toxin-induced diarrhea,1
C0267558,Loose stool,39.0,65979008,Drug AND/OR toxin-induced diarrhea,1
C0267613,Appendiceal colic,2.0,18526009,Disorder of appendix,1
C0267613,Appendicular colic,2.0,18526009,Disorder of appendix,1
C0267645,Diffuse inflammation,11.0,359656003,Idiopathic diffuse ulcerative nongranulomatous enteritis,1
C0267656,Diarrhea symptom,39.0,53156005,Postcholecystectomy diarrhea,1
C0267656,Loose stool,39.0,53156005,Postcholecystectomy diarrhea,1
C0267658,Diarrhea symptom,39.0,82047000,Diarrhea due to alcohol intake,1
C0267658,Loose stool,39.0,82047000,Diarrhea due to alcohol intake,1
C0267659,Diarrhea symptom,39.0,18168004,Raw-milk associated diarrhea,1
C0267659,Loose stool,39.0,18168004,Raw-milk associated diarrhea,1
C0267660,Diarrhea symptom,39.0,25319005,Chronic diarrhea of infants AND/OR young children,1
C0267660,Loose stool,39.0,25319005,Chronic diarrhea of infants AND/OR young children,1
C0267661,Diarrhea symptom,39.0,25898005,Congenital secretory diarrhea,1
C0267661,Loose stool,39.0,25898005,Congenital secretory diarrhea,1
C0267662,Diarrhea symptom,39.0,24412005,"Congenital secretory diarrhea, chloride type",1
C0267662,Loose stool,39.0,24412005,"Congenital secretory diarrhea, chloride type",1
C0267663,Diarrhea symptom,39.0,18805001,"Congenital secretory diarrhea, sodium type",1
C0267663,Loose stool,39.0,18805001,"Congenital secretory diarrhea, sodium type",1
C0267786,Mass of body region,3.0,36564007,Parasitic fibroid,1
C0267834,Mass of digestive structure,22.0,85057007,Liver cyst,1
C0267868,Recurrent abdominal pain,1.0,38654001,Recurrent biliary colic,1
C0267977,Starvation (disorder),5.0,87091005,Semi-starvation,1
C0268005,Coordination problem,12.0,277547006,Hyposmolality,1
C0268005,Coordination problem,12.0,276633008,Hypotonic disorder,1
C0268029,Hypercapnia (disorder),5.0,26436007,Disorder of acid-base balance,2
C0268029,Hypocapnia (disorder),2.0,26436007,Disorder of acid-base balance,2
C0268040,Starvation (disorder),5.0,55178001,Starvation ketoacidosis,1
C0268055,Hypercapnia (disorder),5.0,15707004,Hypercapnia with mixed acid-base disorder,1
C0268226,Myoclonic disorder,29.0,34960006,Normosomatic sialidosis,1
C0268305,Hepatocellular jaundice,4.0,80006005,Disorder of bilirubin metabolism,1
C0268316,[D]Jaundice (not of newborn),5.0,15770003,Acute cholestatic jaundice syndrome,1
C0268316,[D]Jaundice (not of newborn) NOS,5.0,15770003,Acute cholestatic jaundice syndrome,1
C0268317,[D]Jaundice (not of newborn),5.0,75066002,Chronic cholestatic jaundice syndrome,1
C0268317,[D]Jaundice (not of newborn) NOS,5.0,75066002,Chronic cholestatic jaundice syndrome,1
C0268318,Pruritus of pregnancy,2.0,235888006,Cholestasis of pregnancy (disorder),1
C0268344,Scleral discoloration,3.0,31798004,"Corneal fragility keratoglobus, blue sclerae AND joint hypermobility",1
C0268813,Polyuric state,3.0,82800008,Dipsogenic diabetes insipidus,1
C0268877,Mass of urinary system structure,3.0,70795003,Urethral cyst,1
C0268919,Burning scrotum,4.0,49701002,Disorder of scrotum,2
C0268919,Scrotal pruritus,3.0,49701002,Disorder of scrotum,2
C0268979,Complete spermatogenic arrest,2.0,89921006,Infertility due to complete spermatogenic arrest,1
C0268982,Incomplete spermatogenic arrest,2.0,72746005,Infertility due to incomplete spermatogenic arrest,1
C0269099,Pain (finding),136.0,33563008,Essential vulvodynia,2
C0269100,Pain (finding),136.0,23189007,Idiopathic vulvodynia,1
C0269102,Pain (finding),136.0,103678008,Endometriotic cyst,1
C0269102,Pain (finding),136.0,116342008,Endometrial cyst of ovary,1
C0269103,Pain (finding),136.0,89001007,Implanted endometriosis,1
C0269104,Pain (finding),136.0,46073007,Deciduomatosis,1
C0269106,Pain (finding),136.0,55850004,Endosalpingiosis,1
C0269107,Pain (finding),136.0,61640006,Endometriosis of cervix,1
C0269108,Pain (finding),136.0,84305006,Endometriosis of parametrium,1
C0269109,Pain (finding),136.0,10535001,Endometriosis of broad ligament,1
C0269110,Pain (finding),136.0,5327000,Endometriosis of round ligament,1
C0269111,Pain (finding),136.0,64286001,Endometriosis of the cul-de-sac,1
C0269112,Pain (finding),136.0,52533003,Endometriosis of rectovaginal septum,1
C0269113,Pain (finding),136.0,57493005,Endometriosis of vagina,1
C0269114,Pain (finding),136.0,38780008,Endometriosis of vulva,1
C0269115,Pain (finding),136.0,8421002,Endometriosis of appendix,1
C0269116,Pain (finding),136.0,44601009,Endometriosis of colon,1
C0269117,Pain (finding),136.0,9563009,Endometriosis of rectum,1
C0269118,Pain (finding),136.0,65099004,Endometriosis of bladder,1
C0269119,Pain (finding),136.0,50993001,Endometriosis of lung,1
C0269120,Pain (finding),136.0,17829005,Endometriosis of umbilicus,2
C0269120,Disorder of umbilicus,12.0,17829005,Endometriosis of umbilicus,2
C0269150,Vulvovaginal dryness,1.0,2526004,Noninflammatory disorder of the female genital organs,1
C0269173,Mass of uterine adnexa,3.0,59401005,Cyst of fallopian tube,1
C0269178,Mass of uterine adnexa,3.0,5618007,Cyst of broad ligament,1
C0269188,Mass of female genital structure,7.0,758002,Cyst of uterus,1
C0269220,Perineal lump (finding),6.0,60098005,Cyst of vulva,2
C0269220,Mass of female genital structure,7.0,60098005,Cyst of vulva,2
C0269268,[X]Other signs and symptoms in breast,2.0,66779006,Induration of breast,1
C0269315,Oliguria (finding),2.0,29908007,Oliguria following molar AND/OR ectopic pregnancy,1
C0269660,Seizure,169.0,69909000,Eclampsia added to pre-existing hypertension,1
C0269662,Hyperemesis gravidarum,6.0,27152008,Hyperemesis gravidarum before end of 22 week gestation with carbohydrate depletion,2
C0269662,Finding of vomiting,16.0,27152008,Hyperemesis gravidarum before end of 22 week gestation with carbohydrate depletion,2
C0269662,Vomiting symptom,16.0,27152008,Hyperemesis gravidarum before end of 22 week gestation with carbohydrate depletion,2
C0269663,Hyperemesis gravidarum,6.0,87621000,Hyperemesis gravidarum before end of 22 week gestation with dehydration,2
C0269663,Finding of vomiting,16.0,87621000,Hyperemesis gravidarum before end of 22 week gestation with dehydration,2
C0269663,Vomiting symptom,16.0,87621000,Hyperemesis gravidarum before end of 22 week gestation with dehydration,2
C0269664,Hyperemesis gravidarum,6.0,33370009,Hyperemesis gravidarum before end of 22 week gestation with electrolyte imbalance,2
C0269664,Finding of vomiting,16.0,33370009,Hyperemesis gravidarum before end of 22 week gestation with electrolyte imbalance,2
C0269664,Vomiting symptom,16.0,33370009,Hyperemesis gravidarum before end of 22 week gestation with electrolyte imbalance,2
C0269665,Finding of vomiting,16.0,50764006,Vomiting due to organic disease during pregnancy,1
C0269665,Vomiting symptom,16.0,50764006,Vomiting due to organic disease during pregnancy,1
C0269839,"Uterine incoordination, first degree",1.0,18606002,Dyscoordinate labor,1
C0269977,Vascular engorgement of breast,1.0,86196005,Disorder of breast associated with childbirth,1
C0270148,Cyanosis of skin,6.0,38593000,Perinatal cyanotic attacks,2
C0270148,Neonatal cyanosis,2.0,38593000,Perinatal cyanotic attacks,2
C0270149,Respiratory distress (finding),3.0,34681009,Perinatal respiratory distress,1
C0270206,Newborn physiological jaundice (disorder),8.0,206473001,"Fetal and neonatal jaundice, unspecified",1
C0270206,Newborn physiological jaundice (disorder),8.0,30235009,Fetal AND/OR neonatal jaundice,1
C0270206,Newborn physiological jaundice (disorder),8.0,206477000,Unspecified fetal or neonatal jaundice NOS,1
C0270210,Newborn physiological jaundice (disorder),8.0,47444008,Lucey-Driscoll syndrome,1
C0270218,Newborn physiological jaundice (disorder),8.0,111471006,Perinatal jaundice from causes classified elsewhere,1
C0270328,[D]Enuresis NOS,3.0,8702009,Diurnal only enuresis,1
C0270328,Enuresis (& [bedwetting]),3.0,8702009,Diurnal only enuresis,1
C0270328,[D]Enuresis,3.0,8702009,Diurnal only enuresis,1
C0270328,Enuresis [D],3.0,8702009,Diurnal only enuresis,1
C0270705,[D]Other general symptoms NOS,3.0,56271007,Hypothermia-sweating syndrome,1
C0270705,[D]Other general symptoms,3.0,56271007,Hypothermia-sweating syndrome,1
C0270708,[X]Other and unspecified symbolic dysfunctions,6.0,29702001,Aphasia-left parietal lobe syndrome,1
C0270708,[D]Other symbolic dysfunction,6.0,29702001,Aphasia-left parietal lobe syndrome,1
C0270736,Static tremor,2.0,192839001,Essential tremor,2
C0270737,Myoclonic disorder,29.0,67305007,Familial essential myoclonus,1
C0270743,Athetoid movement,8.0,16171003,Double athetosis,1
C0270750,Cerebellar ataxia,11.0,37960002,Sanger-Brown cerebellar ataxia,1
C0270756,Cerebellar ataxia,11.0,32680009,Nothnagel's syndrome,1
C0270757,Athetoid movement,8.0,53194005,Posthemiplegic athetosis,1
C0270758,Athetoid movement,8.0,19350004,Athetosis with rigidity,1
C0270759,Athetoid movement,8.0,5822000,Athetosis with spastic paraplegia,1
C0270788,Paraparesis (disorder),2.0,29426003,Paralytic syndrome,1
C0270788,Paraparesis (disorder),2.0,286937002,Paralytic syndromes,1
C0270793,Hemiplegia (disorder),11.0,32162001,Facial hemiplegia,2
C0270794,Unilateral facial paresis,1.0,17409003,Facial hemiparesis,2
C0270805,Hemiplegia (disorder),11.0,43486001,Hemiplegic cerebral palsy (disorder),1
C0270813,Spasticity,2.0,54364001,Lethal neonatal spasticity,1
C0270814,Spastic dysphonia,4.0,386781001,Spastic syndrome (disorder),1
C0270819,Seizure,169.0,71427006,Cursive seizure,2
C0270819,Seizure,169.0,193021002,Cursive (running) epilepsy,2
C0270819,Partial seizure,22.0,71427006,Cursive seizure,2
C0270819,Partial seizure,22.0,193021002,Cursive (running) epilepsy,2
C0270820,Seizure,169.0,89525009,Gelastic seizure,3
C0270820,Partial seizure,22.0,89525009,Gelastic seizure,3
C0270821,Seizure,169.0,40816002,Retropulsion petit mal,1
C0270822,Seizure,169.0,49776008,Centrencephalic epilepsy,2
C0270822,Partial seizure,22.0,49776008,Centrencephalic epilepsy,2
C0270823,Seizure,169.0,7033004,Petit mal status (disorder),1
C0270824,Seizure,169.0,39194005,Visual epilepsy,1
C0270825,Seizure,169.0,2198002,Visceral epilepsy,2
C0270825,Partial seizure,22.0,2198002,Visceral epilepsy,2
C0270826,Seizure,169.0,77450009,Unclassified epileptic seizures,1
C0270830,Seizure,169.0,246533006,Simple partial seizure with somatosensory or special sensory dysfunction,2
C0270831,Seizure,169.0,72103000,Simple partial seizure with special sensory symptoms,2
C0270837,Seizure,169.0,193004006,Epileptic automatism,1
C0270838,Tonic-clonic seizure,2.0,20544001,Secondarily generalized seizures,2
C0270838,Grand mal seizure,2.0,20544001,Secondarily generalized seizures,2
C0270846,Seizure,169.0,42365007,Atonic seizure,2
C0270846,Seizure,169.0,189198006,Epileptic drop attack,2
C0270847,Seizure,169.0,15523002,Benign focal epilepsy of childhood,2
C0270847,Partial seizure,22.0,15523002,Benign focal epilepsy of childhood,2
C0270849,Seizure,169.0,111498005,Extratemporal epilepsy,2
C0270849,Partial seizure,22.0,111498005,Extratemporal epilepsy,2
C0270850,Seizure,169.0,36803009,Idiopathic generalized epilepsy (disorder),1
C0270851,Seizure,169.0,38281008,Benign neonatal convulsions,1
C0270853,Seizure,169.0,6204001,Juvenile myoclonic epilepsy,1
C0270854,Seizure,169.0,71831005,Symptomatic generalized epilepsy,1
C0270855,Myoclonic disorder,29.0,44423001,Early myoclonic encephalopathy (disorder),1
C0270857,Seizure,169.0,79745005,Reflex epilepsy,1
C0270858,Abdominal migraine - symptom,1.0,75879005,Abdominal migraine,1
C0270859,Headache (finding),59.0,26150009,Lower half migraine,1
C0270860,Headache (finding),59.0,83351003,Basilar migraine,2
C0270860,Subjective vertigo,12.0,83351003,Basilar migraine,2
C0270861,Headache (finding),59.0,79267007,Retinal migraine,1
C0270862,Headache (finding),59.0,59292006,Hemiplegic migraine,1
C0270871,Myokymia (finding),1.0,1070000,Facial myokymia,1
C0270883,Hemiplegia (disorder),11.0,72655000,Alternating hypoglossal hemiplegia,1
C0270883,Hemiplegia (disorder),11.0,9638002,Hypoglossal-pyramid syndrome,1
C0270953,Spasm (finding),10.0,85034001,Myotonia acquisita,1
C0270977,Myoclonic disorder,29.0,76156000,Juvenile cerebellar degeneration AND myoclonus,1
C0270997,Red eye,2.0,62619007,Ill-defined disorder of eye,1
C0271060,Mass of eye structure,7.0,67638006,Pseudocyst of retina,1
C0271060,Swelling of structure of eye,7.0,67638006,Pseudocyst of retina,1
C0271184,Subjective visual disturbance,7.0,53547005,Concentric fading of visual field,1
C0271187,Monocular diplopia,2.0,9428001,Refractive polyopia,1
C0271216,Impairment level: low vision of both eyes,5.0,68777001,Impairment level of both eyes,1
C0271216,"Low vision, both eyes",5.0,68777001,Impairment level of both eyes,1
C0271240,Painful blind eye,2.0,22950006,Blindness of one eye,1
C0271291,Absence of sensation (finding),2.0,373423002,Corneal anesthesia (finding),1
C0271317,Narrowing of palpebral fissure,1.0,21480008,Acquired blepharophimosis,1
C0271388,Oculopalatal myoclonus,2.0,35743001,Pendular nystagmus,1
C0271405,Vitreous cavitation,1.0,50801008,Vitreous liquifaction (disorder),1
C0271417,Diffuse inflammation,11.0,34723002,Diffuse otitis externa,1
C0271487,Subjective vertigo,12.0,87118001,Vertiginous syndrome,4
C0271487,Multisensory dizziness,2.0,87118001,Vertiginous syndrome,4
C0271487,Vertigo preceded by head injury,1.0,87118001,Vertiginous syndrome,4
C0271487,Drug-induced vertigo,1.0,87118001,Vertiginous syndrome,4
C0271490,Diffuse inflammation,11.0,89537006,Diffuse labyrinthitis,1
C0271508,Diplacusis,2.0,61444009,Disharmonic diplacusis,1
C0271509,Diplacusis,2.0,36543008,Echo diplacusis,1
C0271510,Loudness recruitment,2.0,2724004,Recruitment,1
C0271609,Virilization (finding),5.0,45248009,Isosexual virilization,1
C0271787,Hard edema,5.0,43507005,Adult myxedema,1
C0272021,Starvation (disorder),5.0,48580008,Anemia due to starvation,1
C0272088,Cyanosis of skin,6.0,84260001,Hemoglobinopathy with cyanosis,2
C0272088,Central cyanosis (disorder),2.0,84260001,Hemoglobinopathy with cyanosis,2
C0272104,Cyanosis of skin,6.0,57020009,Stokvis' disease,1
C0272267,Erythema of skin,89.0,47149005,Cold erythema associated with cryoglobulin,1
C0272267,Erythematous condition,89.0,47149005,Cold erythema associated with cryoglobulin,1
C0272268,Erythema of skin,89.0,68312001,Cold erythema associated with cold agglutinins,1
C0272268,Erythematous condition,89.0,68312001,Cold erythema associated with cold agglutinins,1
C0272269,Erythema of skin,89.0,30048004,Cold erythema associated with hemolysins,1
C0272269,Erythematous condition,89.0,30048004,Cold erythema associated with hemolysins,1
C0272391,Mass of respiratory structure,11.0,55366007,Tonsillar tag,2
C0272391,Mass of digestive structure,22.0,55366007,Tonsillar tag,2
C0272407,Mass of lymphoreticular structure,5.0,79040006,Splenic cyst,1
C0274440,Immune complex urticaria,7.0,402414002,Urticarial reaction to blood product,1
C0274440,Immune complex urticaria,7.0,302972002,Urticarial transfusion reaction,1
C0275526,Mucous membrane eruption,1.0,85532005,Enanthematous infectious disease,1
C0275746,Macule (morphologic abnormality),5.0,37160003,Pintid,1
C0275747,Erythema of skin,89.0,90911007,Erythematous plaques of pinta,1
C0275747,Erythema of skin,89.0,204919003,Erythematous pinta plaque,1
C0275747,Erythematous condition,89.0,90911007,Erythematous plaques of pinta,1
C0275747,Erythematous condition,89.0,204919003,Erythematous pinta plaque,1
C0275753,Achromia of skin (disorder),4.0,56347002,Vitiligo of pinta,1
C0275852,Gummatous inflammation (morphologic abnormality),8.0,21523006,Syphilitic gumma of central nervous system,1
C0275983,Diarrhea symptom,39.0,78351007,Bovine winter dysentery,1
C0275983,Diarrhea symptom,39.0,407373009,Bovine coronoviral diarrhea,1
C0275983,Loose stool,39.0,78351007,Bovine winter dysentery,1
C0275983,Loose stool,39.0,407373009,Bovine coronoviral diarrhea,1
C0276013,Gummatous inflammation (morphologic abnormality),8.0,31969008,Yaws gumma of bone,1
C0276014,Gummatous inflammation (morphologic abnormality),8.0,72054002,Gummatous osteitis of yaws,1
C0276015,Gummatous inflammation (morphologic abnormality),8.0,27684000,Gummatous periostitis of yaws,1
C0276022,Mass of musculoskeletal structure,10.0,186971007,Juxta-articular yaws nodules,1
C0276467,Diarrhea symptom,39.0,70506007,Neonatal calf diarrhea,1
C0276467,Loose stool,39.0,70506007,Neonatal calf diarrhea,1
C0276468,Diarrhea symptom,39.0,79800001,Epidemic diarrheal disease of infant mouse (disorder),1
C0276468,Loose stool,39.0,79800001,Epidemic diarrheal disease of infant mouse (disorder),1
C0276478,Diarrhea symptom,39.0,64679001,Coronaviral calf diarrhea,1
C0276478,Loose stool,39.0,64679001,Coronaviral calf diarrhea,1
C0276572,Difficulty breathing,2.0,422177004,Dyspnea associated with AIDS,1
C0276573,Fatigue associated with AIDS,2.0,73266005,AIDS with fatigue,1
C0276577,Hepatomegaly associated with AIDS,2.0,13556003,AIDS with hepatomegaly,1
C0276584,Malaise associated with AIDS,2.0,89565008,AIDS with malaise,1
C0276672,Erythema of skin,89.0,41030002,Coccidioidomycosis with erythema multiforme,1
C0276672,Erythematous condition,89.0,41030002,Coccidioidomycosis with erythema multiforme,1
C0276726,Sporotrichotic chancre,3.0,80890005,Cutaneous sporotrichosis,1
C0277509,Pain (finding),136.0,76821002,Epidemic cervical myalgia,1
C0277526,Diarrhea symptom,39.0,46799006,Dysenteric diarrhea,1
C0277526,Loose stool,39.0,46799006,Dysenteric diarrhea,1
C0277527,Diarrhea symptom,39.0,86615009,Epidemic diarrhea,1
C0277527,Loose stool,39.0,86615009,Epidemic diarrhea,1
C0277528,Diarrhea symptom,39.0,11840006,Traveler's diarrhea,1
C0277528,Loose stool,39.0,11840006,Traveler's diarrhea,1
C0278085,[D]Other speech disturbance NOS,13.0,37001003,Bradylalia,1
C0278085,[D]Other speech disturbance,13.0,37001003,Bradylalia,1
C0278110,Hemiplegia (disorder),11.0,77015008,Crossed hemiplegia,3
C0278110,Hemiplegia (disorder),11.0,404689008,Alternating hemiplegia,3
C0278112,Hemiplegia (disorder),11.0,34209003,Cerebral hemiplegia,1
C0278113,Hemiplegia (disorder),11.0,55637002,Spinal hemiplegia,1
C0278122,Crossed extensor reflex,1.0,36550007,Crossed reflex,1
C0278162,Ataxia (finding),3.0,3756000,Static ataxia,2
C0278162,Coordination problem,12.0,3756000,Static ataxia,2
C0278186,Seizure,169.0,87185006,Long atonic seizure,1
C0278187,Seizure,169.0,41119002,Akinetic seizure without atonia,1
C0278188,Seizure,169.0,14521008,Visual seizure,3
C0278188,Partial seizure,22.0,14521008,Visual seizure,3
C0278189,Seizure,169.0,60317006,Pattern sensitive seizure,2
C0278192,Seizure,169.0,52125007,Gustatory seizure,3
C0278192,Partial seizure,22.0,52125007,Gustatory seizure,3
C0278193,Seizure,169.0,7689009,Reading seizure,2
C0278195,Seizure,169.0,19593003,Movement partial seizure,2
C0278196,Seizure,169.0,53482009,Startle partial seizure,2
C0278197,Seizure,169.0,83752007,Abdominal seizure,2
C0278198,Seizure,169.0,16873003,Musicogenic seizure,1
C0278199,Seizure,169.0,13847000,Partial seizure with impaired consciousness,3
C0278199,Partial seizure,22.0,13847000,Partial seizure with impaired consciousness,3
C0278201,Seizure,169.0,73840001,Ideational partial seizure,2
C0278202,Seizure,169.0,42440009,Partial seizure with illusions and hallucinations,3
C0278202,Partial seizure,22.0,42440009,Partial seizure with illusions and hallucinations,3
C0278203,Seizure,169.0,60338000,Partial seizure with multiple symptoms,3
C0278203,Partial seizure,22.0,60338000,Partial seizure with multiple symptoms,3
C0278212,Visual discomfort,3.0,4142001,Muscular asthenopia,1
C0278213,Visual discomfort,3.0,4951008,Nervous asthenopia,1
C0281913,Swelling of limb (finding),1.0,298280009,Swelling of skeletal muscle,2
C0281913,Swelling of musculoskeletal structure,1.0,298280009,Swelling of skeletal muscle,2
C0282309,Persistent light reaction,3.0,52636001,Actinic reticuloid (disorder),1
C0282492,Pale complexion,8.0,238776001,Idiopathic livedo reticularis with systemic involvement,1
C0301918,Immune complex urticaria,7.0,83699005,Hypersensitivity reaction mediated by immune complex,2
C0301918,Urticarial vasculitis (disorder),7.0,83699005,Hypersensitivity reaction mediated by immune complex,2
C0302369,Alcohol induced hallucinations,1.0,7052005,Alcohol hallucinosis,1
C0302369,Alcohol induced hallucinations,1.0,191476005,Alcohol withdrawal hallucinosis,1
C0311262,Abdominal angina,3.0,111354009,Chronic vascular insufficiency of intestine,1
C0311262,Intestinal angina,3.0,111354009,Chronic vascular insufficiency of intestine,1
C0311267,Diarrhea symptom,39.0,65328007,Hill diarrhea,1
C0311267,Loose stool,39.0,65328007,Hill diarrhea,1
C0311268,Diarrhea symptom,39.0,197127002,Post-vagotomy syndrome,1
C0311268,Diarrhea symptom,39.0,236078003,Post-vagotomy diarrhea,1
C0311268,Loose stool,39.0,197127002,Post-vagotomy syndrome,1
C0311268,Loose stool,39.0,236078003,Post-vagotomy diarrhea,1
C0311312,Pain (finding),136.0,396223002,External endometriosis (disorder),1
C0311334,Seizure,169.0,4619009,Generalized-onset seizures,3
C0311334,Tonic seizure,1.0,4619009,Generalized-onset seizures,3
C0311335,Seizure,169.0,13973009,Grand mal status,1
C0333997,Persistent light reaction,3.0,128863005,Lymphoid hyperplasia,1
C0338443,Cerebellar ataxia,11.0,24059009,Acute cerebellar ataxia due to varicella,1
C0338458,[D]Other speech disturbance NOS,13.0,230279005,Non-Alzheimer's progressive dysphasia,1
C0338458,[D]Other speech disturbance,13.0,230279005,Non-Alzheimer's progressive dysphasia,1
C0338465,Wry neck/torticollis,5.0,230314007,Sandifer syndrome (disorder),1
C0338478,Seizure,169.0,230428002,Idiopathic myoclonic epilepsy,1
C0338478,Seizure,169.0,230427007,Cryptogenic myoclonic epilepsy,1
C0338479,Seizure,169.0,230430000,Symptomatic myoclonic epilepsy,1
C0338480,Headache (finding),59.0,56097005,Migraine without aura,1
C0338481,Headache (finding),59.0,95655001,Ophthalmic migraine,1
C0338483,Headache (finding),59.0,230463007,Migraine with prolonged aura,1
C0338483,Headache (finding),59.0,193039006,Complicated migraine,1
C0338484,Headache (finding),59.0,95656000,Familial hemiplegic migraine,1
C0338485,Headache (finding),59.0,230464001,Non-familial hemiplegic migraine,1
C0338486,Headache (finding),59.0,230465000,Migraine aura without headache,1
C0338489,Headache (finding),59.0,230467008,Status migrainosus,1
C0338490,Headache (finding),59.0,230468003,Migraine with ischemic complication,1
C0338534,Ophthalmoplegia (disorder),11.0,230530003,Congenital nuclear ophthalmoplegia,1
C0338536,Pain (finding),136.0,95669001,Superior laryngeal neuralgia,1
C0338553,Pain (finding),136.0,230597003,Intercostal post-herpetic neuralgia,1
C0338933,Psychic dysuria,1.0,191975000,Psychogenic genitourinary tract symptoms,1
C0339230,Diffuse inflammation,11.0,231904004,Diffuse stromal keratoconjunctivitis,1
C0339471,O/E - right eye diabetic maculopathy,2.0,232020009,Diabetic maculopathy,2
C0339471,O/E - left eye diabetic maculopathy,2.0,232020009,Diabetic maculopathy,2
C0339473,O/E - right eye preproliferative diabetic retinopathy,3.0,193349004,Preproliferative diabetic retinopathy (disorder),2
C0339473,O/E - left eye preproliferative diabetic retinopathy,2.0,193349004,Preproliferative diabetic retinopathy (disorder),2
C0339655,Anomaly of divergence,2.0,232118008,Anomaly of vergence system,1
C0339663,Abnormal reflex,3.0,247015002,Relative afferent pupil defect (finding),1
C0339741,Impairment level: low vision of both eyes,5.0,232150003,Partial sight - both eyes,1
C0339741,"Low vision, both eyes",5.0,232150003,Partial sight - both eyes,1
C0339743,Impairment level: low vision of both eyes,5.0,193724000,"Better eye: severe visual impairment, Lesser eye: low vision unspecified",1
C0339743,"Low vision, both eyes",5.0,193724000,"Better eye: severe visual impairment, Lesser eye: low vision unspecified",1
C0339823,Mass of respiratory structure,11.0,232362005,Cyst of nasal cavity,1
C0339842,Mass of respiratory structure,11.0,232377002,Nasal septal hematoma,1
C0340021,Pain (finding),136.0,233651009,Endometriosis of pleura,1
C0340099,Acute edema,11.0,233706004,Drug-induced acute pulmonary edema,1
C0340102,Acute edema,11.0,233709006,Toxic pulmonary edema,1
C0340103,Acute edema,11.0,233710001,Chemical-induced pulmonary edema,1
C0340105,Acute edema,11.0,233711002,Oxygen-induced pulmonary edema,1
C0340164,Mass of lymphoreticular structure,5.0,238676008,Lofgrens syndrome,2
C0340164,Mass of lymphoreticular structure,5.0,181225007,Bilateral hilar adenopathy syndrome,2
C0340164,Mass of trunk,4.0,238676008,Lofgrens syndrome,2
C0340164,Mass of trunk,4.0,181225007,Bilateral hilar adenopathy syndrome,2
C0340241,Mass of respiratory structure,11.0,233797002,Infected bronchogenic cyst,1
C0340288,Angina,23.0,233819005,Stable angina (disorder),3
C0340288,Ischemic chest pain,23.0,233819005,Stable angina (disorder),3
C0340288,Pain (finding),136.0,233819005,Stable angina (disorder),3
C0340288,[X]Other forms of angina pectoris,14.0,233819005,Stable angina (disorder),3
C0340289,Angina,23.0,233821000,New onset angina,3
C0340289,Ischemic chest pain,23.0,233821000,New onset angina,3
C0340289,Pain (finding),136.0,233821000,New onset angina,3
C0340289,[X]Other forms of angina pectoris,14.0,233821000,New onset angina,3
C0340548,Mass of respiratory structure,11.0,233949008,Pulmonary capillary hemangiomatosis,2
C0340548,Mass of cardiovascular structure,4.0,233949008,Pulmonary capillary hemangiomatosis,2
C0340849,Syncope symptom,12.0,234162000,Simple faint,1
C0340849,Syncope and collapse,12.0,234162000,Simple faint,1
C0340850,Syncope symptom,12.0,234163005,Neurally-mediated syncope,1
C0340850,Syncope and collapse,12.0,234163005,Neurally-mediated syncope,1
C0340851,Syncope symptom,12.0,234164004,Malignant vasovagal syndrome,1
C0340851,Syncope and collapse,12.0,234164004,Malignant vasovagal syndrome,1
C0340852,Syncope symptom,12.0,234165003,Elderly vasovagal syndrome,1
C0340852,Syncope and collapse,12.0,234165003,Elderly vasovagal syndrome,1
C0340854,Syncope symptom,12.0,234167006,Situational syncope,2
C0340854,Syncope and collapse,12.0,234167006,Situational syncope,2
C0340854,Effort syncope,1.0,234167006,Situational syncope,2
C0340856,Syncope symptom,12.0,234169009,Defecation syncope,1
C0340856,Syncope and collapse,12.0,234169009,Defecation syncope,1
C0340857,Syncope symptom,12.0,234170005,Deglutition syncope,1
C0340857,Syncope and collapse,12.0,234170005,Deglutition syncope,1
C0341017,Gummatous inflammation (morphologic abnormality),8.0,235064008,Syphilitic gumma of oral cavity,1
C0341021,Erythema of skin,89.0,235071003,Oral erythematous candidiasis,1
C0341021,Erythematous condition,89.0,235071003,Oral erythematous candidiasis,1
C0341089,Absent peristalsis,1.0,197148000,Other functional disorder of the intestine NOS,1
C0341089,Absent peristalsis,1.0,197146001,Other functional disorders of the intestine,1
C0341225,Mass of digestive structure,22.0,235685007,Hamartoma of stomach,1
C0341286,Food intolerance,3.0,235717000,Food intolerance NEC,1
C0341353,Mass of digestive structure,22.0,235771005,Appendix mass,1
C0341420,Constipation (disorder),12.0,235840008,Irritable bowel syndrome variant of childhood with constipation,1
C0341850,Mass of female genital structure,7.0,237109002,Vulval warts,1
C0341858,Pain (finding),136.0,237115002,Endometriosis of myometrium,1
C0341858,Pain (finding),136.0,198247003,Endometriosis interna,1
C0341957,Seizure,169.0,237283007,Eclampsia in labor,1
C0342100,Purulent nipple discharge,1.0,237462004,Nipple infection,1
C0342517,Virilization (finding),5.0,237798008,Drug-induced virilization,1
C0342961,Cachexia (finding),4.0,238153009,Severe systemic illness tissue wasting,1
C0342962,Cachexia (finding),4.0,238154003,Severe systemic illness-induced skeletal muscle wasting,1
C0342965,Hypercapnia (disorder),5.0,238157005,Disorder of blood gas,3
C0342965,Hypocapnia (disorder),2.0,238157005,Disorder of blood gas,3
C0342965,Hyperoxia (disorder),1.0,238157005,Disorder of blood gas,3
C0343042,Macular eruption,4.0,125151004,Macula cerulea,2
C0343042,Macular eruption,4.0,238453003,Maculae ceruleae,2
C0343042,Macule (morphologic abnormality),5.0,125151004,Macula cerulea,2
C0343042,Macule (morphologic abnormality),5.0,238453003,Maculae ceruleae,2
C0343065,Urticaria geographica,2.0,402410006,Symptomatic dermographism,3
C0343065,Urticaria geographica,2.0,402601007,Physical urticaria,3
C0343065,Urticaria geographica,2.0,7632005,Dermatographic urticaria,3
C0343065,Delayed dermographism,2.0,402410006,Symptomatic dermographism,3
C0343065,Delayed dermographism,2.0,402601007,Physical urticaria,3
C0343065,Delayed dermographism,2.0,7632005,Dermatographic urticaria,3
C0343065,Reflex urticaria,2.0,402410006,Symptomatic dermographism,3
C0343065,Reflex urticaria,2.0,402601007,Physical urticaria,3
C0343065,Reflex urticaria,2.0,7632005,Dermatographic urticaria,3
C0343200,Pain (finding),136.0,239938009,Giant cell arteritis with polymyalgia rheumatica,1
C0343214,Pain (finding),136.0,239958005,Painful arc syndrome,1
C0343228,Mass of lower limb,2.0,202945006,Ganglion of ankle,1
C0343265,Pain (finding),136.0,203495005,Algodystrophy of foot,1
C0343266,Pain (finding),136.0,203494009,Algodystrophy of knee,1
C0343267,Pain (finding),136.0,203493003,Algodystrophy of hand,1
C0343467,Erythema of skin,89.0,240411003,Erythema nodosum leprosum,1
C0343467,Erythematous condition,89.0,240411003,Erythema nodosum leprosum,1
C0343678,Macular eruption,4.0,240558009,Macular syphilide,1
C0343681,Pustular rash (morphologic abnormality),7.0,240562003,Pustular syphilide,1
C0343686,Gummatous inflammation (morphologic abnormality),8.0,240566000,Gummatous neurosyphilis,1
C0343729,Mass of digestive structure,22.0,240597001,Anal warts,1
C0343730,Perianal lump,2.0,266114001,Perianal warts,1
C0343741,Groin mass,2.0,240607002,Donovanosis - inguinal lesion,1
C0343755,Cachexia (finding),4.0,422003001,Cachexia associated with AIDS,1
C0343836,Achromia of skin (disorder),4.0,82074004,Achromic skin lesions of pinta,1
C0343950,Mass of body region,3.0,240771005,Pheohyphomycotic subcutaneous cyst,1
C0343970,Mass of digestive structure,22.0,240791003,Hepatic schistosomal granuloma,1
C0344248,Spasm of conjugate gaze,3.0,246775009,Horizontal spasm of gaze,1
C0345141,Mass of cardiovascular structure,4.0,253733006,Pleuropericardial cyst,1
C0347630,Mass of digestive structure,22.0,262796008,Liver hematoma,1
C0347868,(Spastic hemiplegia) or (spastic foot),1.0,307324001,Spastic foot,1
C0347873,Seizure,169.0,193002005,Psychosensory epilepsy,1
C0347874,Seizure,169.0,193008009,Somatosensory epilepsy,1
C0347894,Neuropathic pain,16.0,203114003,"Neuralgia, neuritis and radiculitis unspecified",12
C0347894,Femoral neuralgia,3.0,203114003,"Neuralgia, neuritis and radiculitis unspecified",12
C0347894,Reminiscent neuralgia,1.0,203114003,"Neuralgia, neuritis and radiculitis unspecified",12
C0347894,Radicular pain,2.0,203114003,"Neuralgia, neuritis and radiculitis unspecified",12
C0347894,Sympathetically maintained pain,1.0,203114003,"Neuralgia, neuritis and radiculitis unspecified",12
C0347894,Obturator neuralgia,4.0,203114003,"Neuralgia, neuritis and radiculitis unspecified",12
C0347894,Segmental peripheral neuralgia,3.0,203114003,"Neuralgia, neuritis and radiculitis unspecified",12
C0347894,Neurogenic pain,2.0,203114003,"Neuralgia, neuritis and radiculitis unspecified",12
C0347894,Sympathetically independent pain,1.0,203114003,"Neuralgia, neuritis and radiculitis unspecified",12
C0347894,Unilateral shortlasting neuralgiform pain with conjunctival injection and tearing syndrome,1.0,203114003,"Neuralgia, neuritis and radiculitis unspecified",12
C0347894,Peripheral neurogenic pain,1.0,203114003,"Neuralgia, neuritis and radiculitis unspecified",12
C0347894,Peripheral neuropathic pain,1.0,203114003,"Neuralgia, neuritis and radiculitis unspecified",12
C0347895,Neuropathic pain,16.0,156750000,"Neuralgia, neuritis or radiculitis NOS",1
C0347949,Subjective visual disturbance,7.0,193655003,Other psychophysical visual disturbance,1
C0348626,Pulsus trigeminus (finding),1.0,195587008,[X]Other specified cardiac arrhythmias,3
C0348626,Labile pulse,1.0,195587008,[X]Other specified cardiac arrhythmias,3
C0348626,Bigeminal pulse (finding),1.0,195587008,[X]Other specified cardiac arrhythmias,3
C0348727,Pain in esophagus,1.0,197520007,[X]Other specified diseases of oesophagus,2
C0348727,Pain in esophagus,1.0,197520007,[X]Other specified diseases of esophagus,2
C0348727,Absent deglutition (finding),1.0,197520007,[X]Other specified diseases of oesophagus,2
C0348727,Absent deglutition (finding),1.0,197520007,[X]Other specified diseases of esophagus,2
C0348742,Anal twitching,1.0,197543003,[X]Other specified diseases of anus and rectum,1
C0348751,Liver pain (finding),1.0,197555009,[X]Other specified diseases of liver,2
C0348751,Liver pain (finding),1.0,197370006,Other specified liver disorder,2
C0348751,Liver pain (finding),1.0,197374002,Other specified liver disorder NOS,2
C0348751,Hepatocellular jaundice,4.0,197555009,[X]Other specified diseases of liver,2
C0348751,Hepatocellular jaundice,4.0,197370006,Other specified liver disorder,2
C0348751,Hepatocellular jaundice,4.0,197374002,Other specified liver disorder NOS,2
C0349255,Insomnia (disorder),7.0,192454004,Nonorganic insomnia,1
C0349493,Disorder of umbilicus,12.0,276678006,Umbilical sepsis,1
C0349716,Pain (finding),136.0,279059006,Hypoglossal neuralgia,1
C0376288,Amaurosis fugax,4.0,70449006,Amaurosis (disorder),1
C0376356,Symptom occurs premenstrually,1.0,82639001,Premenstrual tension syndrome,3
C0376356,Premenstrual symptom,1.0,82639001,Premenstrual tension syndrome,3
C0376356,Premenstrual swelling,1.0,82639001,Premenstrual tension syndrome,3
C0376356,Premenstrual breast tenderness,1.0,82639001,Premenstrual tension syndrome,3
C0392060,Ophthalmoplegia (disorder),11.0,75111000,Painful ophthalmoplegia,2
C0392060,Pain (finding),136.0,75111000,Painful ophthalmoplegia,2
C0392439,Pustular rash (morphologic abnormality),7.0,200976008,Acrodermatitis continua,1
C0392550,Hemiplegia (disorder),11.0,1593000,Infantile hemiplegia,1
C0392571,Impairment level: low vision of both eyes,5.0,63385005,Impairment level: better eye: moderate impairment: lesser eye: not further specified,1
C0392571,"Low vision, both eyes",5.0,63385005,Impairment level: better eye: moderate impairment: lesser eye: not further specified,1
C0392702,Athetoid movement,8.0,260912008,Abnormal involuntary movement,33
C0392702,Clonus,1.0,260912008,Abnormal involuntary movement,33
C0392702,Muscle fasciculation,1.0,260912008,Abnormal involuntary movement,33
C0392702,Spasticity,2.0,260912008,Abnormal involuntary movement,33
C0392702,Spasm (finding),10.0,260912008,Abnormal involuntary movement,33
C0392702,Tremor (finding),1.0,260912008,Abnormal involuntary movement,33
C0392702,Opisthotonus (finding),1.0,260912008,Abnormal involuntary movement,33
C0392702,Local spasm,1.0,260912008,Abnormal involuntary movement,33
C0392702,Muscle twitch (finding),1.0,260912008,Abnormal involuntary movement,33
C0392702,Synkinesis (finding),1.0,260912008,Abnormal involuntary movement,33
C0392702,Trembles,1.0,260912008,Abnormal involuntary movement,33
C0392702,Persistent tremor,1.0,260912008,Abnormal involuntary movement,33
C0392702,Continuous tremor,1.0,260912008,Abnormal involuntary movement,33
C0392702,Intermittent tremor,1.0,260912008,Abnormal involuntary movement,33
C0392702,Fine tremor,1.0,260912008,Abnormal involuntary movement,33
C0392702,Coarse tremor,1.0,260912008,Abnormal involuntary movement,33
C0392702,Massive tremor,1.0,260912008,Abnormal involuntary movement,33
C0392702,Passive tremor,1.0,260912008,Abnormal involuntary movement,33
C0392702,Static tremor,2.0,260912008,Abnormal involuntary movement,33
C0392702,Resting tremor,1.0,260912008,Abnormal involuntary movement,33
C0392702,Grimaces,2.0,260912008,Abnormal involuntary movement,33
C0392702,Clasp knife like increase in tone,1.0,260912008,Abnormal involuntary movement,33
C0392702,Risus sardonicus,1.0,260912008,Abnormal involuntary movement,33
C0392702,Involuntary movement,5.0,260912008,Abnormal involuntary movement,33
C0392702,Involuntary movement symptom,5.0,260912008,Abnormal involuntary movement,33
C0392702,Head movements abnormal,1.0,260912008,Abnormal involuntary movement,33
C0392702,Pleurothotonus,1.0,260912008,Abnormal involuntary movement,33
C0392702,Wrist clonus,1.0,260912008,Abnormal involuntary movement,33
C0392702,Pseudoathetosis,1.0,260912008,Abnormal involuntary movement,33
C0392702,Thyrotoxic tremor,1.0,260912008,Abnormal involuntary movement,33
C0392702,Pill rolling,1.0,260912008,Abnormal involuntary movement,33
C0392702,Involuntary truncal rocking,1.0,260912008,Abnormal involuntary movement,33
C0392702,Orthostatic tremor,1.0,260912008,Abnormal involuntary movement,33
C0392702,Chronic tremor,1.0,260912008,Abnormal involuntary movement,33
C0393484,Seizure,169.0,230191005,Rasmussen syndrome,1
C0393519,Cerebellar ataxia,11.0,230227009,Early onset cerebellar ataxia,1
C0393524,Cerebellar ataxia,11.0,230232005,Late onset cerebellar ataxia,1
C0393572,Post-hemiplegic chorea,2.0,230298007,Disorder presenting primarily with chorea,1
C0393587,Paroxysmal dystonia,4.0,230309008,Kinesiogenic choreoathetosis,1
C0393593,Dystonia (finding),1.0,15802004,Dystonia,3
C0393593,Paroxysmal dystonia,4.0,15802004,Dystonia,3
C0393593,Diurnal dystonia,2.0,15802004,Dystonia,3
C0393602,Spasmodic torticollis (disorder),4.0,230322000,Isolated cervical dystonia,1
C0393604,Blepharospasm (disorder),7.0,230324004,Isolated blepharospasm,1
C0393618,Myoclonic disorder,29.0,267582006,Other specified myoclonus,1
C0393619,Myoclonic disorder,29.0,230343004,Symptomatic myoclonus,1
C0393620,Myoclonic disorder,29.0,230344005,Post-anoxic myoclonus,1
C0393623,Myoclonic disorder,29.0,230347003,Segmental cord myoclonus,1
C0393624,Myoclonic disorder,29.0,230348008,Palatal-tympanic myoclonus,1
C0393625,Myoclonic disorder,29.0,230349000,Hyoid myoclonus,1
C0393626,Myoclonic disorder,29.0,230350000,Opsoclonus-myoclonus syndrome,1
C0393669,Seizure,169.0,193009001,Partial epilepsy with autonomic symptoms,1
C0393671,Seizure,169.0,230382002,Benign frontal epilepsy of childhood,1
C0393672,Seizure,169.0,230383007,Benign psychomotor epilepsy of childhood,1
C0393673,Seizure,169.0,230384001,Benign atypical partial epilepsy in childhood,1
C0393674,Seizure,169.0,230385000,Epilepsy with recurrent unilateral seizures in children,1
C0393675,Seizure,169.0,230386004,Childhood epilepsy with occipital paroxysms,1
C0393676,Seizure,169.0,230387008,Benign occipital epilepsy of childhood - early onset variant,1
C0393677,Seizure,169.0,230388003,Benign occipital epilepsy of childhood - late onset variant,1
C0393678,Seizure,169.0,230389006,Primary inherited reading epilepsy,1
C0393679,Seizure,169.0,230391003,Amygdalo-hippocampal epilepsy,1
C0393680,Seizure,169.0,193003000,Mesiobasal limbic epilepsy,1
C0393681,Seizure,169.0,230392005,Rhinencephalic epilepsy,1
C0393682,Seizure,169.0,230393000,Lateral temporal epilepsy,1
C0393683,Seizure,169.0,230395007,Supplementary motor epilepsy,1
C0393684,Seizure,169.0,230396008,Cingulate epilepsy,1
C0393687,Seizure,169.0,230399001,Dorsolateral epilepsy,1
C0393688,Seizure,169.0,230400008,Opercular epilepsy,1
C0393689,Seizure,169.0,230401007,Non-progressive Kozhevnikow syndrome,1
C0393690,Seizure,169.0,230403005,Parietal lobe epilepsy,1
C0393691,Seizure,169.0,230404004,Occipital lobe epilepsy,1
C0393692,Seizure,169.0,39745004,Chronic progressive epilepsia partialis continua,1
C0393693,Seizure,169.0,230411000,Benign non-familial neonatal convulsions,1
C0393695,Seizure,169.0,230412007,Myoclonic epilepsy of early childhood,1
C0393697,Seizure,169.0,230414008,Epilepsy with grand mal seizures on awakening,1
C0393698,Seizure,169.0,230416005,Cryptogenic West syndrome,1
C0393699,Seizure,169.0,230417001,Symptomatic West syndrome,1
C0393700,Seizure,169.0,230419003,Cryptogenic Lennox-Gastaut syndrome,1
C0393701,Seizure,169.0,230420009,Symptomatic Lennox-Gastaut syndrome,1
C0393702,Seizure,169.0,230421008,Myoclonic astatic epilepsy,1
C0393703,Seizure,169.0,230422001,Myoclonic absence epilepsy,1
C0393706,Seizure,169.0,230429005,Early infantile epileptic encephalopathy with suppression bursts,1
C0393713,Seizure,169.0,230439004,Epilepsy with continuous spike wave during slow-wave sleep,1
C0393714,Seizure,169.0,230440002,Secondary reading epilepsy,1
C0393715,Seizure,169.0,230441003,Drug-induced epilepsy,1
C0393717,Seizure,169.0,230443000,Narcotic withdrawal epilepsy,1
C0393718,Seizure,169.0,230444006,Menstrual epilepsy,1
C0393719,Seizure,169.0,230445007,Nocturnal epilepsy,1
C0393720,Seizure,169.0,95208000,Photogenic epilepsy,2
C0393720,Partial seizure,22.0,95208000,Photogenic epilepsy,2
C0393722,Seizure,169.0,230447004,Eyelid myoclonus with absences,1
C0393723,Seizure,169.0,230448009,Writing epilepsy,1
C0393724,Seizure,169.0,230449001,Tactile epilepsy,1
C0393725,Seizure,169.0,230450001,Eating epilepsy,1
C0393726,Seizure,169.0,230451002,Tapping epilepsy,1
C0393727,Seizure,169.0,230452009,Toothbrushing epilepsy,1
C0393728,Seizure,169.0,230453004,Decision-making epilepsy,1
C0393729,Seizure,169.0,230454005,Aquagenic epilepsy,1
C0393731,Seizure,169.0,230457003,Non-convulsive status epilepticus with three per second spike wave,1
C0393732,Seizure,169.0,230458008,Non-convulsive status epilepticus without three per second spike wave,1
C0393733,Seizure,169.0,230459000,Non-convulsive simple partial status epilepticus,3
C0393733,Partial seizure,22.0,230459000,Non-convulsive simple partial status epilepticus,3
C0393734,Seizure,169.0,230460005,Complex partial status epilepticus,2
C0393734,Partial seizure,22.0,230460005,Complex partial status epilepticus,2
C0393735,Headache (finding),59.0,230461009,Headache disorder,3
C0393735,Menopausal headache,3.0,230461009,Headache disorder,3
C0393735,Idiopathic stabbing headache,1.0,230461009,Headache disorder,3
C0393736,Headache (finding),59.0,398126006,Muscular headache,1
C0393737,Headache (finding),59.0,230470007,Episodic tension-type headache,1
C0393738,Headache (finding),59.0,230471006,Chronic tension-type headache,1
C0393739,Headache (finding),59.0,230472004,Episodic cluster headache,1
C0393741,Headache (finding),59.0,230474003,Chronic cluster headache unremitting from onset,1
C0393742,Headache (finding),59.0,230475002,Chronic cluster headache evolved from episodic cluster headache,1
C0393743,Headache (finding),59.0,95654002,Chronic paroxysmal hemicrania,1
C0393744,Headache (finding),59.0,230476001,Atypical cluster headache,1
C0393745,Headache (finding),59.0,230477005,Chronic post-traumatic headache (disorder),1
C0393746,Headache (finding),59.0,230478000,Low pressure headache,2
C0393746,Post dural puncture headache,3.0,230478000,Low pressure headache,2
C0393751,Headache (finding),59.0,103009000,Headache due to cold exposure,1
C0393755,Headache (finding),59.0,230483008,Headache associated with substance abuse or withdrawal,1
C0393758,Insomnia (disorder),7.0,191997003,Persistent insomnia,1
C0393762,Hypersomnia (disorder),7.0,191999000,Persistent hypersomnia,1
C0393771,[D]Sleep rhythm irregular,1.0,271793004,Irregular sleep-wake pattern,2
C0393774,Sleep automatism,4.0,274950005,Sleep-related bruxism,1
C0393776,Pain (finding),136.0,230498005,Sleep-related painful erections,2
C0393776,Painful penile erection,2.0,230498005,Sleep-related painful erections,2
C0393786,Pain (finding),136.0,230537000,Idiopathic trigeminal neuralgia,1
C0393787,Pain (finding),136.0,230538005,Secondary trigeminal neuralgia,1
C0393788,Pain (finding),136.0,230539002,Cluster tic syndrome,1
C0393829,Pain (finding),136.0,193183000,Acute painful diabetic neuropathy,1
C0393833,Pain (finding),136.0,230574001,Diabetic acute painful polyneuropathy,1
C0393901,Painful legs and moving toes,4.0,230651008,Disorders of spinal neurones manifest by hyperactivity,2
C0393901,Painful arms and moving fingers,3.0,230651008,Disorders of spinal neurones manifest by hyperactivity,2
C0394004,Ataxia (finding),3.0,278509004,Congenital non-progressive ataxia,1
C0394006,Dizziness and giddiness,3.0,230782004,Dysequilibrium syndrome (disorder),1
C0394013,[D]Other speech disturbance NOS,13.0,230788000,Congenital receptive dysphasia,1
C0394013,[D]Other speech disturbance,13.0,230788000,Congenital receptive dysphasia,1
C0395865,Bleeding from ear,4.0,77478005,Acute sanguinous otitis media,1
C0395876,Bleeding from ear,4.0,232256002,Otitis media with effusion - sanguinous,1
C0395920,Subjective vertigo,12.0,232284007,Migrainous vertigo,1
C0395921,Subjective vertigo,12.0,232285008,Benign recurrent vertigo,1
C0395932,Subjective vertigo,12.0,361270009,Episodic recurrent vertigo,2
C0395932,Subjective vertigo,12.0,361271008,Recurrent vestibulopathy,2
C0395932,Dizziness and giddiness,3.0,361270009,Episodic recurrent vertigo,2
C0395932,Dizziness and giddiness,3.0,361271008,Recurrent vestibulopathy,2
C0396005,Spasm (finding),10.0,232407000,Pharyngeal spasm,1
C0398350,Acute edema,11.0,360371003,Acute cardiac pulmonary edema,1
C0399418,Teeth staining due to drugs,2.0,52367009,Posteruptive tooth staining due to drug,1
C0399493,Macule (morphologic abnormality),5.0,109789004,Amalgam tattoo,1
C0400875,Diarrhea symptom,39.0,38205001,Diarrhea in diabetes,1
C0400875,Diarrhea symptom,39.0,235832002,Hollow visceral neuropathy,1
C0400875,Loose stool,39.0,38205001,Diarrhea in diabetes,1
C0400875,Loose stool,39.0,235832002,Hollow visceral neuropathy,1
C0400964,[D]Jaundice (not of newborn),5.0,235906009,Hyperbilirubinemia - conjugated - type III,1
C0400964,[D]Jaundice (not of newborn) NOS,5.0,235906009,Hyperbilirubinemia - conjugated - type III,1
C0401144,Finding of vomiting,16.0,236062000,Vomiting - infective,2
C0401144,Vomiting symptom,16.0,236062000,Vomiting - infective,2
C0401146,Constipation (disorder),12.0,197118003,Constipation - functional,2
C0401146,(Functional constipation) or (impacted faeces),1.0,197118003,Constipation - functional,2
C0401146,(Functional constipation) or (impacted feces),1.0,197118003,Constipation - functional,2
C0403608,Ureteric neuromuscular incoordination,2.0,128073008,Disorder of ureter (disorder),1
C0403660,[D]Enuresis NOS,3.0,8137003,Non-organic primary enuresis,1
C0403660,Enuresis (& [bedwetting]),3.0,8137003,Non-organic primary enuresis,1
C0403660,[D]Enuresis,3.0,8137003,Non-organic primary enuresis,1
C0403660,Enuresis [D],3.0,8137003,Non-organic primary enuresis,1
C0403661,[D]Enuresis NOS,3.0,75499007,Non-organic secondary enuresis,1
C0403661,Enuresis (& [bedwetting]),3.0,75499007,Non-organic secondary enuresis,1
C0403661,[D]Enuresis,3.0,75499007,Non-organic secondary enuresis,1
C0403661,Enuresis [D],3.0,75499007,Non-organic secondary enuresis,1
C0403721,[D]Urinary system symptoms NOS,1.0,236714000,Symptomatic disorders of the urinary tract,1
C0403721,[D]Urinary system symptoms,1.0,236714000,Symptomatic disorders of the urinary tract,1
C0404545,Pain (finding),136.0,237117005,Endometriosis outside pelvis,1
C0404559,Menopausal symptom,1.0,266607004,Perimenopausal disorder,4
C0404559,Menopausal headache,3.0,266607004,Perimenopausal disorder,4
C0404559,Menopausal sleeplessness,1.0,266607004,Perimenopausal disorder,4
C0404559,Menopausal concentration lack,1.0,266607004,Perimenopausal disorder,4
C0405072,Symptomatic disorders in pregnancy,3.0,17787002,Peripheral neuritis in pregnancy,1
C0405079,Finding of vomiting,16.0,199028004,Hyperemesis gravidarum with metabolic disturbance - not delivered,1
C0405079,Vomiting symptom,16.0,199028004,Hyperemesis gravidarum with metabolic disturbance - not delivered,1
C0405080,Hyperemesis gravidarum,6.0,199025001,Hyperemesis gravidarum with metabolic disturbance,2
C0405080,Finding of vomiting,16.0,199025001,Hyperemesis gravidarum with metabolic disturbance,2
C0405080,Vomiting symptom,16.0,199025001,Hyperemesis gravidarum with metabolic disturbance,2
C0405081,Finding of vomiting,16.0,199023008,Mild hyperemesis-not delivered,1
C0405081,Vomiting symptom,16.0,199023008,Mild hyperemesis-not delivered,1
C0405082,Finding of vomiting,16.0,199022003,Mild hyperemesis-delivered,1
C0405082,Vomiting symptom,16.0,199022003,Mild hyperemesis-delivered,1
C0405322,Engorgement of breasts,2.0,200420005,"Breast engorgement in pregnancy, the puerperium or lactation with antenatal complication",1
C0405479,Discharge from nipple,1.0,237460007,Disorder of nipple,1
C0405479,Nipple discharge symptom,1.0,237460007,Disorder of nipple,1
C0406044,Pruritus of skin,26.0,267803005,Other pruritic conditions NOS,1
C0406044,Itching of skin,26.0,267803005,Other pruritic conditions NOS,1
C0406044,Itch of skin,26.0,267803005,Other pruritic conditions NOS,1
C0406047,Skin irritation,3.0,267788007,Local infection skin/subcut tissue NOS (disorder),1
C0406138,Erythema of skin,89.0,238410003,Staphylococcal intertrigo,1
C0406138,Erythematous condition,89.0,238410003,Staphylococcal intertrigo,1
C0406139,Erythema of skin,89.0,238411004,Streptococcal intertrigo,1
C0406139,Erythematous condition,89.0,238411004,Streptococcal intertrigo,1
C0406238,Pruritus of skin,26.0,238546005,Pruriginous atopic dermatitis,1
C0406238,Itching of skin,26.0,238546005,Pruriginous atopic dermatitis,1
C0406238,Itch of skin,26.0,238546005,Pruriginous atopic dermatitis,1
C0406298,Pruritus of skin,26.0,238586002,Subacute prurigo,1
C0406298,Itching of skin,26.0,238586002,Subacute prurigo,1
C0406298,Itch of skin,26.0,238586002,Subacute prurigo,1
C0406299,Pruritus of skin,26.0,238587006,Chronic prurigo,1
C0406299,Itching of skin,26.0,238587006,Chronic prurigo,1
C0406299,Itch of skin,26.0,238587006,Chronic prurigo,1
C0406300,Pruritus of skin,26.0,238588001,Dermographic prurigo,1
C0406300,Itching of skin,26.0,238588001,Dermographic prurigo,1
C0406300,Itch of skin,26.0,238588001,Dermographic prurigo,1
C0406301,Pruritus of skin,26.0,238589009,Prurigo pigmentosa,1
C0406301,Itching of skin,26.0,238589009,Prurigo pigmentosa,1
C0406301,Itch of skin,26.0,238589009,Prurigo pigmentosa,1
C0406329,Pustular rash (morphologic abnormality),7.0,200970002,Psoriasis palmaris,1
C0406330,Pustular rash (morphologic abnormality),7.0,200971003,Psoriasis plantaris,1
C0406409,Pruritus of skin,26.0,238695001,Aquagenic pruritus,2
C0406409,Itching of skin,26.0,238695001,Aquagenic pruritus,2
C0406409,Itch of skin,26.0,238695001,Aquagenic pruritus,2
C0406409,Other specified pruritic conditions (disorder),6.0,238695001,Aquagenic pruritus,2
C0406418,Erythema of skin,89.0,110989007,Pigmented peribuccal erythrosis of Brocq,1
C0406418,Erythematous condition,89.0,110989007,Pigmented peribuccal erythrosis of Brocq,1
C0406507,Pale complexion,8.0,238773009,Idiopathic livedo reticularis,1
C0406508,Pale complexion,8.0,238774003,Idiopathic livedo reticularis with winter ulceration,1
C0406509,Pale complexion,8.0,238775002,Idiopathic livedo reticularis with summer ulceration,1
C0406531,Erythema of skin,89.0,200921001,Erythema papulatum,1
C0406531,Erythematous condition,89.0,200921001,Erythema papulatum,1
C0406532,Erythema of skin,89.0,200922008,Erythema tuberculatum,1
C0406532,Erythematous condition,89.0,200922008,Erythema tuberculatum,1
C0406533,Erythema of skin,89.0,200923003,Erythema urticatum,1
C0406533,Erythematous condition,89.0,200923003,Erythema urticatum,1
C0406534,Erythema of skin,89.0,200924009,Erythema vesiculosum,1
C0406534,Erythematous condition,89.0,200924009,Erythema vesiculosum,1
C0406535,Erythema of skin,89.0,200950008,Other exfoliative erythema,1
C0406535,Erythematous condition,89.0,200950008,Other exfoliative erythema,1
C0406536,Erythema of skin,89.0,267801007,Other erythematous conditions NOS,1
C0406536,Erythematous condition,89.0,267801007,Other erythematous conditions NOS,1
C0406539,Erythema of skin,89.0,238816001,Toxic urticated erythema,1
C0406539,Erythematous condition,89.0,238816001,Toxic urticated erythema,1
C0406541,Erythema of skin,89.0,238818000,Non-bullous erythema multiforme,1
C0406541,Erythematous condition,89.0,238818000,Non-bullous erythema multiforme,1
C0406543,Erythema of skin,89.0,238820002,Erythema multiforme of pregnancy,1
C0406543,Erythematous condition,89.0,238820002,Erythema multiforme of pregnancy,1
C0406567,"Extensive congenital erosions, vesicles and reticulate scarring",3.0,238846003,Collagen and elastic tissue disorders affecting skin,1
C0406598,Erythema of skin,89.0,51696001,Lipogranulomatosis subcutanea of Rothmann and Makai,1
C0406598,Erythematous condition,89.0,51696001,Lipogranulomatosis subcutanea of Rothmann and Makai,1
C0406616,Disorder of umbilicus,12.0,238910008,Skin disorder of umbilicus,1
C0406629,Scalp itchy,2.0,238922006,Disorder of scalp,1
C0406670,Pain (finding),136.0,238968009,Vulvodynia (disorder),5
C0406670,Burning sensation of vulva,1.0,238968009,Vulvodynia (disorder),5
C0406670,Vulvovaginal pain,1.0,238968009,Vulvodynia (disorder),5
C0406670,Chronic vaginal pain,2.0,238968009,Vulvodynia (disorder),5
C0406688,Psoriasiform rash,1.0,238988008,Psoriasiform drug eruption,1
C0406691,Erythema of skin,89.0,238992001,Drug-induced erythroderma,1
C0406691,Erythematous condition,89.0,238992001,Drug-induced erythroderma,1
C0406698,Drug pigmentation,7.0,110284009,Drug-induced pigmentation,1
C0406740,Seizure,169.0,109478007,Kohlschutter's syndrome,1
C0406778,Pale complexion,8.0,239088003,Dermatopathia pigmentosa reticularis (disorder),1
C0406792,Pruritus of skin,26.0,239103006,Prurigo of pregnancy,1
C0406792,Itching of skin,26.0,239103006,Prurigo of pregnancy,1
C0406792,Itch of skin,26.0,239103006,Prurigo of pregnancy,1
C0406844,Chest wall pain (finding),1.0,239175003,Post-thoracotomy pain syndrome,2
C0406844,Postoperative pain,1.0,239175003,Post-thoracotomy pain syndrome,2
C0406875,Pain from tissue expander,2.0,239209004,Tissue expander disorder,1
C0409264,Subtalar joint laxity,1.0,202642007,"Joint disorder NOS, of ankle and foot",2
C0409264,Subtalar joint stiff,1.0,202642007,"Joint disorder NOS, of ankle and foot",2
C0409273,Foot joint laxity,1.0,202358000,"Joint derangement NOS, of the ankle and foot",1
C0409781,Lump on finger,4.0,202442002,Villonodular synovitis of distal interphalangeal joint of finger,1
C0409782,Lump on finger,4.0,202441009,Villonodular synovitis of proximal interphalangeal joint of finger,1
C0409783,Lump on finger,4.0,202439008,Villonodular synovitis of metacarpophalangeal joint,1
C0410060,[D]Clicking thumb (context-dependent category),1.0,42786005,Snapping thumb syndrome,1
C0410060,[D]Clicking thumb (situation),1.0,42786005,Snapping thumb syndrome,1
C0410157,Pain (finding),136.0,240044003,Fibrositis and nodular fasciitis,1
C0410238,Cramp in foot,2.0,203018002,Infective myositis-foot,1
C0410249,Pain (finding),136.0,240107001,Viral myalgia,1
C0411024,Grunting respiration (finding),1.0,240310001,Grunting baby,1
C0411277,Erythema of skin,89.0,240712006,Submammary intertrigo,1
C0411277,Erythematous condition,89.0,240712006,Submammary intertrigo,1
C0413299,Exhaustion,2.0,242015007,Exhaustion - physiological,2
C0422846,Seizure,169.0,246530009,Versive seizure,2
C0422853,Seizure,169.0,87095001,Olfactory seizure (disorder),3
C0422853,Partial seizure,22.0,87095001,Olfactory seizure (disorder),3
C0422855,Seizure,169.0,68761002,Epileptic vertigo,3
C0422855,Subjective vertigo,12.0,68761002,Epileptic vertigo,3
C0422855,Vertigo associated with seizures,1.0,68761002,Epileptic vertigo,3
C0422859,Seizure,169.0,29963001,Dysmnesic seizure,2
C0423074,Incomitant esophoria (disorder),2.0,35319002,Incomitant heterophoria,1
C0423086,Postbasic stare,1.0,103262002,Staring (finding),1
C0423682,Low back pain,4.0,279040009,Mechanical low back pain,1
C0423690,Joint pain,2.0,247369005,Facet joint pain,2
C0423690,(Other back symptoms) or (facet joint syndrome),1.0,247369005,Facet joint pain,2
C0423704,Neurogenic pain,2.0,247384001,Neurological pain disorder,2
C0423711,Pain (finding),136.0,247391003,Perineal neuralgia,1
C0423712,Pain (finding),136.0,247392005,Iliohypogastric nerve neuralgia,1
C0423738,Rectal pain (finding),1.0,62647006,Painful spasm of anus,2
C0423738,Anal pain (finding),2.0,62647006,Painful spasm of anus,2
C0424291,Self-neglect,1.0,277850002,Diogenes syndrome,1
C0424734,Erythema of skin,89.0,248413004,Liver palms,1
C0424734,Erythematous condition,89.0,248413004,Liver palms,1
C0426784,Wry neck/torticollis,5.0,202768008,Rheumatic torticollis,1
C0427023,Joint stiffness,1.0,202517008,Stiff metacarpophalangeal joint NEC,1
C0427129,Abnormal gait,2.0,250003005,Low level sensorimotor gait disorder,1
C0427164,Abnormal gait,2.0,250043000,High level sensorimotor gait disorder,2
C0427164,Staggering gait (finding),1.0,250043000,High level sensorimotor gait disorder,2
C0438414,Seizure,169.0,192845009,Myoclonic encephalopathy,1
C0438418,Seizure,169.0,193010006,Visual reflex epilepsy,1
C0442874,Neuropathic pain,16.0,386033004,Neuropathy (disorder),1
C0451714,Mass of digestive structure,22.0,197367007,Hepatic granulomas in berylliosis,1
C0451910,Erythema of skin,89.0,200951007,Erythema marginatum in acute rheumatic fever,1
C0451910,Erythematous condition,89.0,200951007,Erythema marginatum in acute rheumatic fever,1
C0452138,Bilateral central hearing loss,2.0,194424005,"Sensorineural hearing loss, bilateral",1
C0452160,Low back pain,4.0,202794004,Lumbago with sciatica,1
C0452200,Withdrawal sign or symptom,2.0,206572008,Neonatal withdrawal symptoms from maternal use of drugs of addiction,1
C0452201,Withdrawal sign or symptom,2.0,206573003,Withdrawal symptoms from therapeutic use of drugs in newborn,1
C0453877,[D]Other speech disturbance NOS,13.0,228144006,Impairment of voice production,1
C0453877,[D]Other speech disturbance,13.0,228144006,Impairment of voice production,1
C0453878,[D]Other speech disturbance NOS,13.0,228145007,Impairment of speech form,1
C0453878,[D]Other speech disturbance,13.0,228145007,Impairment of speech form,1
C0454533,Acquired stammering,1.0,229621000,Disorder of fluency,1
C0454534,[D]Other speech disturbance NOS,13.0,229622007,Dysfluency,1
C0454534,[D]Other speech disturbance,13.0,229622007,Dysfluency,1
C0454548,Loss of voice,5.0,229638001,Hyperkinetic aphonia,1
C0454549,Loss of voice,5.0,229639009,Hypofunctional aphonia,1
C0454550,Loss of voice,5.0,229640006,Hyperfunctional aphonia,1
C0454588,[X]Other and unspecified symbolic dysfunctions,6.0,229676007,Language-related cognitive disorder,1
C0454588,[D]Other symbolic dysfunction,6.0,229676007,Language-related cognitive disorder,1
C0454589,Coordination problem,12.0,229677003,Deep dysgraphia,1
C0454590,Coordination problem,12.0,229678008,Phonological dysgraphia,1
C0454591,Coordination problem,12.0,229679000,Surface dysgraphia,1
C0454609,[D]Other speech disturbance NOS,13.0,229697008,Oral-verbal dyspraxia,1
C0454609,[D]Other speech disturbance,13.0,229697008,Oral-verbal dyspraxia,1
C0454615,Coordination problem,12.0,229704003,Acquired choreiform dyspraxia,1
C0454618,[D]Other speech disturbance NOS,13.0,229707005,Dyspraxia of velopharynx,1
C0454618,[D]Other speech disturbance,13.0,229707005,Dyspraxia of velopharynx,1
C0454619,Coordination problem,12.0,229708000,Velar dyspraxia,1
C0454630,[D]Other speech disturbance NOS,13.0,229723005,Restricted sound system,1
C0454630,[D]Other speech disturbance,13.0,229723005,Restricted sound system,1
C0454635,[D]Other speech disturbance NOS,13.0,229728001,Velopharyngeal mislearning,1
C0454635,[D]Other speech disturbance,13.0,229728001,Velopharyngeal mislearning,1
C0455715,Hemiplegia (disorder),11.0,41713005,Benedikt's syndrome,1
C0456018,Snuffles (& neonatal snuffles),1.0,271375003,Snuffles in newborn,1
C0456043,Other newborn abnormal cerebral signs,1.0,276587008,Perinatal neurological disorder,1
C0456052,Seizure,169.0,276597004,Fifth day fits,1
C0456071,Harlequin change,3.0,111474003,Disorder involving the integument of fetus OR newborn,1
C0456750,Subjective vertigo,12.0,194360001,Central positional nystagmus,1
C0456750,Subjective vertigo,12.0,95815000,Central positional vertigo,1
C0457000,Erythema of skin,89.0,277794000,Neonatal annular erythema,1
C0457000,Erythematous condition,89.0,277794000,Neonatal annular erythema,1
C0457014,Excessive sweating,1.0,239045006,"Hyperhidrosis, premature cavities and premolar aplasia",1
C0457949,Low back pain,4.0,278860009,Chronic low back pain,1
C0458101,Headache (finding),59.0,279016001,Cervicogenic headache,1
C0458167,Chest pain,4.0,279048002,Internal mammary artery syndrome,2
C0458167,Persistent pain following procedure,1.0,279048002,Internal mammary artery syndrome,2
C0458219,Pain (finding),136.0,128200000,Complex regional pain syndrome,1
C0458220,Pain (finding),136.0,95670000,Nervus intermedius neuralgia,1
C0458224,Pain (finding),136.0,129179000,Piriformis syndrome (disorder),2
C0458224,Sciatica (disorder),7.0,129179000,Piriformis syndrome (disorder),2
C0458225,Abdominal pain,4.0,279063004,Lumbar facet joint pain,2
C0459146,Blepharospasm (disorder),7.0,280128006,Disorder of soft tissue of body cavity,3
C0459146,Pruritus of vagina,2.0,280128006,Disorder of soft tissue of body cavity,3
C0459146,Spasmodic torticollis (disorder),4.0,280128006,Disorder of soft tissue of body cavity,3
C0459151,Pruritus of penis,3.0,280133005,Disorder of soft tissue of trunk,3
C0459151,Burning scrotum,4.0,280133005,Disorder of soft tissue of trunk,3
C0459151,Scrotal pruritus,3.0,280133005,Disorder of soft tissue of trunk,3
C0459805,Drug pigmentation,7.0,280955001,Drug-induced melasma,1
C0472348,Seizure,169.0,278510009,Localization-related idiopathic epilepsy,1
C0472349,Seizure,169.0,230390002,Localization-related symptomatic epilepsy,1
C0472350,Seizure,169.0,230406002,Localization-related symptomatic epilepsy with specific precipitant,1
C0472351,Seizure,169.0,230408001,Localization-related cryptogenic epilepsy,1
C0472354,Seizure,169.0,230415009,Cryptogenic generalized epilepsy,1
C0472355,Seizure,169.0,230435005,Epilepsy undetermined whether focal or generalized,1
C0473118,Newborn physiological jaundice (disorder),8.0,235905008,Physiological hyperbilirubinemia,1
C0473127,Diarrhea symptom,39.0,236066002,Prototheca diarrhea,1
C0473127,Loose stool,39.0,236066002,Prototheca diarrhea,1
C0473132,Diarrhea symptom,39.0,39963006,Toddler diarrhea,1
C0473132,Loose stool,39.0,39963006,Toddler diarrhea,1
C0473133,Diarrhea symptom,39.0,236077008,Protracted diarrhea,1
C0473133,Loose stool,39.0,236077008,Protracted diarrhea,1
C0473491,Perineal lump (finding),6.0,237331002,Perineal hematoma,1
C0473778,Diarrhea symptom,39.0,276524004,Neonatal chloridorrhea,1
C0473778,Loose stool,39.0,276524004,Neonatal chloridorrhea,1
C0473807,Blood streaked sputum,2.0,206304007,Perinatal hemoptysis,1
C0474381,Chromatic aberration of vision,2.0,247706003,Chromatopsia,1
C0474442,Contact lens related red eye,1.0,49362009,Corneal edema due to wearing of contact lenses,1
C0475521,Seizure,169.0,193022009,Localization-related(focal)(partial)idiopathic epilepsy and epileptic syndromes with seizures of localized onset,1
C0475522,Headache (finding),59.0,200071001,Obstetric spinal and epidural anesthesia-induced headache,3
C0475522,Reaction to spinal or lumbar puncture (disorder),3.0,200071001,Obstetric spinal and epidural anesthesia-induced headache,3
C0475522,Post dural puncture headache,3.0,200071001,Obstetric spinal and epidural anesthesia-induced headache,3
C0476214,[D]Other general symptoms NOS,3.0,272038003,C/O - postviral syndrome,2
C0476214,[D]Other general symptoms,3.0,272038003,C/O - postviral syndrome,2
C0476214,Nervous system symptoms,1.0,272038003,C/O - postviral syndrome,2
C0476214,Neurological symptom,1.0,272038003,C/O - postviral syndrome,2
C0477758,Mass of urinary system structure,3.0,198547004,[X]Other specified disorders of urinary system,2
C0477758,Mass of urinary system structure,3.0,197955002,Other specified diseases of urinary system,2
C0477758,Swelling of urological structure,1.0,198547004,[X]Other specified disorders of urinary system,2
C0477758,Swelling of urological structure,1.0,197955002,Other specified diseases of urinary system,2
C0477961,Traumatic neonatal facial cyanosis,3.0,206697000,[X]Other specified conditions of the integument specific to fetus and newborn,1
C0494559,Multisensory dizziness,2.0,232297009,Disorder of inner ear,3
C0494559,Tinnitus of vascular origin,1.0,232297009,Disorder of inner ear,3
C0494559,Leudet's tinnitus,2.0,232297009,Disorder of inner ear,3
C0519012,Hemiplegia (disorder),11.0,155029008,(Hemiplegia) or (hemiparesis),1
C0520530,Erythema of skin,89.0,857002,Erythema simplex,1
C0520530,Erythematous condition,89.0,857002,Erythema simplex,1
C0520947,Coordination problem,12.0,57187006,Clumsy child,1
C0520998,Other specified visual disturbance NOS,3.0,112218005,Phosphene,2
C0520998,Other specified visual disturbance NOS,3.0,29158001,Accommodation phosphene,2
C0520998,Other specified visual disturbance,3.0,112218005,Phosphene,2
C0520998,Other specified visual disturbance,3.0,29158001,Accommodation phosphene,2
C0520998,Subjective visual disturbance,7.0,112218005,Phosphene,2
C0520998,Subjective visual disturbance,7.0,29158001,Accommodation phosphene,2
C0521517,Pain (finding),136.0,95417003,Primary fibromyalgia syndrome,1
C0521664,Headache (finding),59.0,95653008,Acute confusional migraine,1
C0521665,Headache (finding),59.0,95657009,Chronic mixed headache syndrome,1
C0521667,Headache (finding),59.0,95659007,Hindbrain hernia headache,1
C0521673,Skin sensation disturbance,6.0,95672008,"Unilateral sensory loss of face and trunk, opposite sides",2
C0521673,Absence of sensation (finding),2.0,95672008,"Unilateral sensory loss of face and trunk, opposite sides",2
C0521675,Skin sensation disturbance,6.0,95676006,Berger's paresthesia,1
C0521801,Cyanosis of skin,6.0,95838002,Pulmonary cyanosis,1
C0522253,Headache (finding),59.0,103011009,Benign exertional headache,1
C0522254,Headache (finding),59.0,103012002,Analgesic overuse headache,1
C0522255,Radicular pain,2.0,103014001,Cervical nerve root pain,2
C0522255,Pain of head and neck region,3.0,103014001,Cervical nerve root pain,2
C0543820,Pain (finding),136.0,403391003,Secondary erythromelalgia,2
C0543820,Erythema of skin,89.0,403391003,Secondary erythromelalgia,2
C0543820,Erythematous condition,89.0,403391003,Secondary erythromelalgia,2
C0546212,Pruritus of skin,26.0,109251008,Solar pruritus of elbows,2
C0546212,Pruritus of skin,26.0,109252001,Brachioradial summer pruritus,2
C0546212,Itching of skin,26.0,109251008,Solar pruritus of elbows,2
C0546212,Itching of skin,26.0,109252001,Brachioradial summer pruritus,2
C0546212,Itch of skin,26.0,109251008,Solar pruritus of elbows,2
C0546212,Itch of skin,26.0,109252001,Brachioradial summer pruritus,2
C0546212,Other specified pruritic conditions (disorder),6.0,109251008,Solar pruritus of elbows,2
C0546212,Other specified pruritic conditions (disorder),6.0,109252001,Brachioradial summer pruritus,2
C0546351,Gummatous inflammation (morphologic abnormality),8.0,111003001,Sporotrichotic gumma,1
C0546393,Macule (morphologic abnormality),5.0,111032003,Macular cutaneous amyloidosis,1
C0546878,Spasm (finding),10.0,18191000,Salaam spasm,2
C0546878,Motor dysfunction,4.0,18191000,Salaam spasm,2
C0549118,Seizure,169.0,230407006,Hemiplegia-hemiconvulsion-epilepsy syndrome,1
C0549201,Pruritus of skin,26.0,201077008,Asteatotic eczema,2
C0549201,Pruritus of skin,26.0,201025002,Winter itch,2
C0549201,Pruritus of skin,26.0,260046006,Dry skin dermatitis,2
C0549201,Itching of skin,26.0,201077008,Asteatotic eczema,2
C0549201,Itching of skin,26.0,201025002,Winter itch,2
C0549201,Itching of skin,26.0,260046006,Dry skin dermatitis,2
C0549201,Itch of skin,26.0,201077008,Asteatotic eczema,2
C0549201,Itch of skin,26.0,201025002,Winter itch,2
C0549201,Itch of skin,26.0,260046006,Dry skin dermatitis,2
C0549201,Other specified pruritic conditions (disorder),6.0,201077008,Asteatotic eczema,2
C0549201,Other specified pruritic conditions (disorder),6.0,201025002,Winter itch,2
C0549201,Other specified pruritic conditions (disorder),6.0,260046006,Dry skin dermatitis,2
C0549567,Schistosomal pigment deposition,4.0,79644001,Pigment alteration,5
C0549567,Schistosomal pigment deposition,4.0,414032001,Disorder of pigmentation,5
C0549567,Drug pigmentation,7.0,79644001,Pigment alteration,5
C0549567,Drug pigmentation,7.0,414032001,Disorder of pigmentation,5
C0549567,Cullen's sign,1.0,79644001,Pigment alteration,5
C0549567,Cullen's sign,1.0,414032001,Disorder of pigmentation,5
C0549567,Blood pigmentation of cornea,2.0,79644001,Pigment alteration,5
C0549567,Blood pigmentation of cornea,2.0,414032001,Disorder of pigmentation,5
C0549567,Malarial pigment deposition,5.0,79644001,Pigment alteration,5
C0549567,Malarial pigment deposition,5.0,414032001,Disorder of pigmentation,5
C0553565,Extrinsic staining of teeth associated with inadequate oral hygiene,2.0,4654002,Posteruptive color change of tooth,2
C0553565,Extrinsic staining of teeth associated with inadequate oral hygiene,2.0,196317007,Posteruptive teeth staining,2
C0553565,Extrinsic staining of teeth associated with oral habits,2.0,4654002,Posteruptive color change of tooth,2
C0553565,Extrinsic staining of teeth associated with oral habits,2.0,196317007,Posteruptive teeth staining,2
C0553587,Seizure,169.0,192999003,Partial epilepsy with impairment of consciousness,1
C0553604,Spasm (finding),10.0,193237003,Myotonic disorder,1
C0553694,Palatal myoclonus,5.0,126661001,Disorder of oropharynx,1
C0553760,Lateral femoral cutaneous neuralgia,4.0,230617009,Lumbosacral plexus neuropathy,5
C0553760,Obturator neuralgia,4.0,230617009,Lumbosacral plexus neuropathy,5
C0553760,Ilioinguinal nerve neuralgia,7.0,230617009,Lumbosacral plexus neuropathy,5
C0553760,Genitofemoral nerve neuralgia,6.0,230617009,Lumbosacral plexus neuropathy,5
C0553760,Testicular neuralgia,3.0,230617009,Lumbosacral plexus neuropathy,5
C0553977,Osler's node,3.0,266237004,Acute and subacute bacterial endocarditis,1
C0554467,Pruritus of skin,26.0,201024003,Pruritus estivalis,2
C0554467,Itching of skin,26.0,201024003,Pruritus estivalis,2
C0554467,Itch of skin,26.0,201024003,Pruritus estivalis,2
C0554467,Other specified pruritic conditions (disorder),6.0,201024003,Pruritus estivalis,2
C0555970,Purulent nasal discharge,8.0,275496003,Nasal infection,1
C0555970,Purulent rhinitis,8.0,275496003,Nasal infection,1
C0559027,Unqualified visual loss of one eye,1.0,267728009,Blind or low vision - one eye only,1
C0559027,"Visual loss, one eye, unqualified",1.0,267728009,Blind or low vision - one eye only,1
C0560922,Erythema of skin,89.0,240713001,Candidiasis of finger web,1
C0560922,Erythematous condition,89.0,240713001,Candidiasis of finger web,1
C0563633,Other specified visual disturbance NOS,3.0,285767006,Delayed visual maturation,1
C0563633,Other specified visual disturbance,3.0,285767006,Delayed visual maturation,1
C0564774,Pain (finding),136.0,286993001,Dysmenorrhea - non-psychogenic,1
C0565576,Muscle pain,2.0,288225004,Myalgia/myositis - multiple,1
C0565822,Unqualified visual loss of both eyes,1.0,267727004,Blind or low vision - both eyes,2
C0565822,"Visual loss, both eyes unqualified",1.0,267727004,Blind or low vision - both eyes,2
C0565822,Impairment level: low vision of both eyes,5.0,267727004,Blind or low vision - both eyes,2
C0565822,"Low vision, both eyes",5.0,267727004,Blind or low vision - both eyes,2
C0565878,Symptomatic disorders in pregnancy,3.0,274117006,Pregnancy and infectious disease,1
C0566748,Disorder of umbilicus,12.0,48287005,Umbilical cord complication,1
C0566748,Disorder of umbilicus,12.0,289316000,Umbilical cord problem,1
C0567085,Abdominal pain,4.0,289669005,Pain of uterus (finding),3
C0567085,Pain in female genitalia,2.0,289669005,Pain of uterus (finding),3
C0574713,Erythema of skin,89.0,297940005,Drug-induced erythema nodosum,1
C0574713,Erythematous condition,89.0,297940005,Drug-induced erythema nodosum,1
C0574714,Erythema of skin,89.0,297941009,Drug-induced toxic erythema,1
C0574714,Erythematous condition,89.0,297941009,Drug-induced toxic erythema,1
C0574715,Erythema of skin,89.0,297942002,Drug-induced erythema multiforme,1
C0574715,Erythematous condition,89.0,297942002,Drug-induced erythema multiforme,1
C0574913,Perineal lump (finding),6.0,298128008,Perineal wart,1
C0575031,Pain of head and neck region,3.0,298253002,Cervical facet joint pain,2
C0575032,Chest pain,4.0,298254008,Thoracic facet joint pain,2
C0575032,Pain in thoracic spine,1.0,298254008,Thoracic facet joint pain,2
C0576533,Abnormal reflex,3.0,299784009,Horizontal doll's head reflex absent,1
C0577711,Erythema of skin,89.0,301014005,Intertrigo of abdominal skin fold,1
C0577711,Erythematous condition,89.0,301014005,Intertrigo of abdominal skin fold,1
C0577725,"[D]Swelling, mass or lump of chest NOS",1.0,301030002,Anterior mediastinum mass,1
C0577725,"[D]Swelling, mass and lump of chest",1.0,301030002,Anterior mediastinum mass,1
C0578159,Diarrhea symptom,39.0,301469002,Antibiotic-associated diarrhea,1
C0578159,Loose stool,39.0,301469002,Antibiotic-associated diarrhea,1
C0581287,Erythema of skin,89.0,213338000,Erythema at injection site,1
C0581287,Erythematous condition,89.0,213338000,Erythema at injection site,1
C0581395,Penile warts,4.0,309090002,Infection of penis,1
C0582505,Mass of female genital structure,7.0,204927007,Cyst of embryonic remnant - female,1
C0585051,Pain (finding),136.0,307176005,Acute sciatica,2
C0585051,Sciatica (disorder),7.0,307176005,Acute sciatica,2
C0585052,Pain (finding),136.0,307177001,Chronic sciatica,2
C0585052,Sciatica (disorder),7.0,307177001,Chronic sciatica,2
C0585541,Benign paroxysmal positional vertigo nystagmus,3.0,307673003,Peripheral vestibular nystagmus,1
C0585543,Bruns nystagmus,3.0,307675005,Central vestibular nystagmus,1
C0585561,Myoclonic disorder,29.0,307693006,Vertical myoclonus,1
C0586323,Seizure,169.0,361268000,Alcohol-induced epilepsy,2
C0586323,Seizure,169.0,308742005,Alcohol withdrawal-induced convulsion,2
C0586323,Seizure,169.0,361267005,Alcohol-related fit,2
C0595865,[D]Jaundice (not of newborn),5.0,216325001,Acquired hyperbilirubinemia (disorder),1
C0595865,[D]Jaundice (not of newborn) NOS,5.0,216325001,Acquired hyperbilirubinemia (disorder),1
C0595948,Seizure,169.0,23374007,Atypical absence seizure,2
C0595956,Erythema of skin,89.0,238813009,Drug exanthem,1
C0595956,Erythematous condition,89.0,238813009,Drug exanthem,1
C0686558,Mass of lymphoreticular structure,5.0,95194004,Nodular lymphoma of extranodal AND/OR solid organ site,1
C0687754,Newborn physiological jaundice (disorder),8.0,276549000,Transient neonatal hyperbilirubinemia,1
C0699848,Sucrose intolerance,1.0,22169002,Intestinal disaccharidase deficiency,1
C0699848,Sucrose intolerance,1.0,267427000,Disaccharidase deficiency,1
C0700201,Disturbance in sleep behavior,4.0,44186003,Dyssomnia,4
C0700201,Hypersomnia (disorder),7.0,44186003,Dyssomnia,4
C0700201,Insomnia (disorder),7.0,44186003,Dyssomnia,4
C0700201,[D]Sleep disturbances (& [hypersomnia] or [insomnia]),1.0,44186003,Dyssomnia,4
C0700438,Headache (finding),59.0,193028008,Sick headache,1
C0701163,Virilization (finding),5.0,267395000,Adrenogenital disorder,1
C0702100,Abnormal granulation tissue,3.0,14800001,Dermatitis vegetans,1
C0702143,Spasm of conjugate gaze,3.0,1534008,Palsy of conjugate gaze,1
C0729261,Mass of digestive structure,22.0,313325007,Cap polyp,1
C0729735,Mass of musculoskeletal structure,10.0,312382002,Cyst of tendon sheath,1
C0729771,Pain in throat,4.0,312422001,Infective pharyngitis (disorder),1
C0729771,Sore throat symptom,4.0,312422001,Infective pharyngitis (disorder),1
C0730120,Mass of eye structure,7.0,312770008,Cyst of iris and/or ciliary body,1
C0730120,Swelling of structure of eye,7.0,312770008,Cyst of iris and/or ciliary body,1
C0740441,Diarrhea symptom,39.0,409966000,Acute diarrhea,1
C0740441,Loose stool,39.0,409966000,Acute diarrhea,1
C0741026,Angina,23.0,371807002,Atypical angina,3
C0741026,Ischemic chest pain,23.0,371807002,Atypical angina,3
C0741026,Pain (finding),136.0,371807002,Atypical angina,3
C0741026,[X]Other forms of angina pectoris,14.0,371807002,Atypical angina,3
C0741032,Angina,23.0,315025001,Refractory angina,3
C0741032,Ischemic chest pain,23.0,315025001,Refractory angina,3
C0741032,Pain (finding),136.0,315025001,Refractory angina,3
C0741032,[X]Other forms of angina pectoris,14.0,315025001,Refractory angina,3
C0743332,Blepharospasm (disorder),7.0,445006008,Focal dystonia,2
C0743332,Spastic dysphonia,4.0,445006008,Focal dystonia,2
C0743381,Seizure,169.0,426634003,Eclamptic seizure,2
C0744644,Headache (finding),59.0,445322004,Migraine variant with headache,1
C0745890,Pain (finding),136.0,408662006,Reflex sympathetic dystrophy of lower extremity,1
C0748355,Respiratory distress (finding),3.0,373895009,Acute respiratory distress,1
C0750949,Dorsalgia,3.0,398997008,Vertebrogenic pain syndrome,2
C0750949,(Backache NOS) or (back pain [& low]),2.0,398997008,Vertebrogenic pain syndrome,2
C0751019,Amaurosis fugax,4.0,230716006,Carotid territory transient ischemic attack,1
C0751120,Seizure,169.0,192990004,Benign myoclonic epilepsy in infancy,1
C0751122,Seizure,169.0,230437002,Severe myoclonic epilepsy in infancy,1
C0751185,Headache (finding),59.0,95658004,Cough headache syndrome,1
C0751226,Hypersomnia (disorder),7.0,426451004,Recurrent hypersomnia,1
C0751362,Hypersomnia (disorder),7.0,193042000,Cataplexy and narcolepsy,1
C0751383,Myoclonic disorder,29.0,61663001,Juvenile neuronal ceroid lipofuscinosis,1
C0751406,Pain (finding),136.0,15743005,Posttraumatic osteoporosis,1
C0751510,Tachypnea (finding),2.0,430390000,Sleep-related neurogenic tachypnea,1
C0751523,Seizure,169.0,442512002,Nonconvulsive status epilepticus,1
C0751524,Seizure,169.0,423086004,Simple partial status epilepticus,2
C0751524,Partial seizure,22.0,423086004,Simple partial status epilepticus,2
C0751642,Seizure,169.0,230397004,Anterior frontopolar epilepsy,1
C0751643,Seizure,169.0,230398009,Orbitofrontal epilepsy,1
C0751774,Involuntary movement,5.0,418763003,Periodic limb movement disorder,1
C0751774,Involuntary movement symptom,5.0,418763003,Periodic limb movement disorder,1
C0751778,Myoclonic disorder,29.0,267581004,Progressive myoclonic epilepsy,2
C0751778,Seizure,169.0,267581004,Progressive myoclonic epilepsy,2
C0751783,Myoclonic disorder,29.0,230425004,Lafora disease,2
C0751783,Seizure,169.0,230425004,Lafora disease,2
C0751785,Myoclonic disorder,29.0,230423006,Unverricht-Lundborg syndrome,2
C0751785,Seizure,169.0,230423006,Unverricht-Lundborg syndrome,2
C0751931,Femoral neuralgia,3.0,25690000,Femoral neuropathy,1
C0751946,Myoclonic disorder,29.0,413638006,Benign neonatal sleep myoclonus,1
C0752196,Involuntary movement,5.0,426592006,Ballism,1
C0752196,Involuntary movement symptom,5.0,426592006,Ballism,1
C0752289,Disturbance in sleep behavior,4.0,429276004,Environmental sleep disorder,1
C0851578,Disturbance in sleep behavior,4.0,39898005,Sleep disorder,4
C0851578,Other sleep stage or arousal dysfunction,1.0,39898005,Sleep disorder,4
C0851578,Sleep dysfunction with sleep stage disturbance,1.0,39898005,Sleep disorder,4
C0851578,Sleep dysfunction with arousal disturbance,1.0,39898005,Sleep disorder,4
C0852271,Vomiting in newborn,2.0,363219007,Neonatal gastrointestinal disorder,1
C0863106,Seizure,169.0,444229001,Afebrile seizure,2
C0870082,Subungual hyperkeratosis,3.0,396228006,Hyperkeratosis (disorder),1
C0870082,Subungual hyperkeratosis,3.0,26996000,Hyperkeratosis (morphologic abnormality),1
C0877440,Erythema of skin,89.0,412740002,Periorbital erythema,1
C0877440,Erythematous condition,89.0,412740002,Periorbital erythema,1
C0948349,Congestion of nasal sinus,4.0,418092006,Respiratory tract congestion,1
C1096063,Seizure,169.0,445355009,Refractory epilepsy,1
C1112639,Mass of ear structure,8.0,403428002,Pseudocyst of ear,1
C1141936,Cyanosis of skin,6.0,129576003,Purple glove syndrome,1
C1253936,Joint swelling,1.0,387637008,Effusion of joint,3
C1253936,Joint effusion of other specified site,1.0,387637008,Effusion of joint,3
C1253936,Painful swelling of joint,2.0,387637008,Effusion of joint,3
C1263748,Diffuse inflammation,11.0,123755001,Diffuse pyelonephritis,1
C1265579,Erythema of skin,89.0,125118008,Exfoliative erythema,1
C1265579,Erythematous condition,89.0,125118008,Exfoliative erythema,1
C1268586,Neuropathic pain,16.0,129612002,Anterior ethmoidal nerve syndrome,2
C1268586,Pain (finding),136.0,129612002,Anterior ethmoidal nerve syndrome,2
C1269791,Periorbital edema,3.0,371409005,Disorder of eye region,11
C1269791,Spasm of conjugate gaze,3.0,371409005,Disorder of eye region,11
C1269791,Irregular nystagmus,2.0,371409005,Disorder of eye region,11
C1269791,Gaze paretic nystagmus,2.0,371409005,Disorder of eye region,11
C1269791,Postural nystagmus,2.0,371409005,Disorder of eye region,11
C1269791,Spontaneous nystagmus,2.0,371409005,Disorder of eye region,11
C1269791,Body positional nystagmus,2.0,371409005,Disorder of eye region,11
C1269791,Nystagmus produced by neck rotation,3.0,371409005,Disorder of eye region,11
C1269791,Nystagmus enhanced when fixation removed,3.0,371409005,Disorder of eye region,11
C1269791,Nystagmus signs,2.0,371409005,Disorder of eye region,11
C1269791,Elliptical nystagmus,3.0,371409005,Disorder of eye region,11
C1270923,(Visual disturbances NOS) or (amblyopia) or (blurred vision),2.0,387743001,Functional amblyopia,1
C1271073,Subjective visual disturbance,7.0,395219004,Visual perceptual weakness,2
C1271073,Visual alteration,9.0,395219004,Visual perceptual weakness,2
C1272174,Visual alteration,9.0,390843008,Scotopic sensitivity,1
C1274149,Mass of ear structure,8.0,402699002,Chondrodermatitis nodularis (disorder),1
C1274284,Pale complexion,8.0,402845005,Physiological cutis marmorata,1
C1274285,Pale complexion,8.0,402846006,Neonatal cutis marmorata,1
C1274293,Urticarial vasculitis (disorder),7.0,402855009,Normocomplementemic urticarial vasculitis,1
C1274299,[D]Widespread diabetic foot gangrene,1.0,402864004,Diabetic wet gangrene of the foot,1
C1274332,Mass of oral cavity,7.0,402906004,Viral wart on lip,1
C1274380,Erythema of skin,89.0,402969008,Erythema nodosum due to streptococcal infection,1
C1274380,Erythematous condition,89.0,402969008,Erythema nodosum due to streptococcal infection,1
C1274381,Erythema of skin,89.0,402970009,Erythema nodosum due to Yersinia enterocolitica,1
C1274381,Erythematous condition,89.0,402970009,Erythema nodosum due to Yersinia enterocolitica,1
C1274382,Erythema of skin,89.0,402971008,Erythema multiforme due to mycoplasma infection,1
C1274382,Erythematous condition,89.0,402971008,Erythema multiforme due to mycoplasma infection,1
C1274605,Erythema of skin,89.0,403209006,Familial actinic prurigo,1
C1274605,Erythematous condition,89.0,403209006,Familial actinic prurigo,1
C1274606,Erythema of skin,89.0,403210001,Familial actinic prurigo of lip,1
C1274606,Erythematous condition,89.0,403210001,Familial actinic prurigo of lip,1
C1274607,Erythema of skin,89.0,403211002,Papular form erythema multiforme,1
C1274607,Erythematous condition,89.0,403211002,Papular form erythema multiforme,1
C1274608,Erythema of skin,89.0,403212009,Vesicobullous form erythema multiforme,1
C1274608,Erythematous condition,89.0,403212009,Vesicobullous form erythema multiforme,1
C1274609,Erythema of skin,89.0,403213004,Erythema multiforme due to malignancy,1
C1274609,Erythematous condition,89.0,403213004,Erythema multiforme due to malignancy,1
C1274675,Clubbing (morphologic abnormality),2.0,403299004,Clubbing of nails associated with systemic disorder,2
C1274675,Clubbing of nail (disorder),4.0,403299004,Clubbing of nails associated with systemic disorder,2
C1274681,Koilonychia,5.0,403305002,Acquired koilonychia,1
C1274749,Face goes red,3.0,403389006,Postmenopausal flushing,1
C1274751,Stellate pseudoscar,5.0,403393000,Stellate pseudoscar in senile purpura,1
C1274820,Perineal lump (finding),6.0,403473009,Penile sclerosing lipogranuloma,2
C1274820,Mass of male genital structure,3.0,403473009,Penile sclerosing lipogranuloma,2
C1274856,Urticarial vasculitis (disorder),7.0,403510002,Lupus erythematosus-associated urticarial vasculitis,1
C1274903,Pruritus of skin,26.0,403574001,Postmenopausal pruritus,2
C1274903,Itching of skin,26.0,403574001,Postmenopausal pruritus,2
C1274903,Itch of skin,26.0,403574001,Postmenopausal pruritus,2
C1274903,Other specified pruritic conditions (disorder),6.0,403574001,Postmenopausal pruritus,2
C1274904,Pruritus of skin,26.0,403575000,Pruritus due to systemic disorder,1
C1274904,Itching of skin,26.0,403575000,Pruritus due to systemic disorder,1
C1274904,Itch of skin,26.0,403575000,Pruritus due to systemic disorder,1
C1274932,Immune complex urticaria,7.0,403608009,Serum sickness due to drug,1
C1274933,Erythema of skin,89.0,403609001,Drug-induced Stevens-Johnson syndrome,1
C1274933,Erythematous condition,89.0,403609001,Drug-induced Stevens-Johnson syndrome,1
C1274939,Erythema of skin,89.0,403617009,Drug-induced erythema,1
C1274939,Erythematous condition,89.0,403617009,Drug-induced erythema,1
C1274940,Face goes red,3.0,403618004,Drug-induced flushing,1
C1274942,Erythema of skin,89.0,403620001,Erythroderma due to vancomycin,1
C1274942,Erythematous condition,89.0,403620001,Erythroderma due to vancomycin,1
C1274949,Drug pigmentation,7.0,403627003,Non-melanin pigmentation due to drug,1
C1274960,Erythema of skin,89.0,403638003,Acral erythema due to cytotoxic therapy,1
C1274960,Erythematous condition,89.0,403638003,Acral erythema due to cytotoxic therapy,1
C1274972,Stellate pseudoscar,5.0,403650009,Stellate pseudoscars due to corticosteroids,1
C1274988,Rhinitis due to alpha-adrenergic blocking agent,2.0,403666006,Drug-induced mucositis,1
C1275040,Pruritus of skin,26.0,403720005,PUVA-induced pruritus,1
C1275040,Itching of skin,26.0,403720005,PUVA-induced pruritus,1
C1275040,Itch of skin,26.0,403720005,PUVA-induced pruritus,1
C1275050,Pain (finding),136.0,403735006,Eosinophilia-myalgia syndrome from tryptophan,1
C1275434,Erythema of skin,89.0,402300003,Erythroderma of unknown etiology,1
C1275434,Erythematous condition,89.0,402300003,Erythroderma of unknown etiology,1
C1275454,Edema of lower extremity,1.0,403385000,Lymphedema of lower extremity,1
C1275455,Edema of penis,3.0,403387008,Lymphedema of penis,1
C1275460,Pruritus of skin,26.0,403733004,Hemodialysis-associated pruritus,1
C1275460,Itching of skin,26.0,403733004,Hemodialysis-associated pruritus,1
C1275460,Itch of skin,26.0,403733004,Hemodialysis-associated pruritus,1
C1275488,Erythema of skin,89.0,419735006,Scaling eczema,1
C1275488,Erythematous condition,89.0,419735006,Scaling eczema,1
C1275968,Pruritus of skin,26.0,400051008,Senile asteatotic eczema,1
C1275968,Itching of skin,26.0,400051008,Senile asteatotic eczema,1
C1275968,Itch of skin,26.0,400051008,Senile asteatotic eczema,1
C1275974,Mass of lymphoreticular structure,5.0,400146000,Splenic hamartoma,1
C1276129,Thickening of skin,3.0,402481000,Porphyria-induced scleroderma,1
C1277259,Diffuse inflammation,11.0,135830006,Pangastritis,1
C1277276,Dorsalgia,3.0,135860001,Exacerbation of backache,1
C1277670,Changes in skin texture,2.0,315258003,Crusting of pigmented skin lesion,1
C1278535,Angina,23.0,314116003,Post infarct angina,3
C1278535,Ischemic chest pain,23.0,314116003,Post infarct angina,3
C1278535,Pain (finding),136.0,314116003,Post infarct angina,3
C1278535,[X]Other forms of angina pectoris,14.0,314116003,Post infarct angina,3
C1279983,Erythema of skin,89.0,238812004,Exanthematous disorder,1
C1279983,Erythematous condition,89.0,238812004,Exanthematous disorder,1
C1281944,Pain (finding),136.0,314049009,Endometriosis of uterosacral ligament,1
C1282196,Contact lens related disorder,3.0,314498009,Contact lens related giant papillary conjunctivitis,1
C1282232,Diffuse inflammation,11.0,314549003,Diffuse episcleritis,1
C1282376,Anomaly of divergence,2.0,314788004,Divergence insufficiency,1
C1282765,Indigestion (finding),1.0,331987008,Mild dietary indigestion,1
C1282895,Bad taste in mouth,1.0,346138009,Neurologic unpleasant taste,1
C1282895,Unpleasant taste in mouth,1.0,346138009,Neurologic unpleasant taste,1
C1283803,Loss of sense of smell,2.0,361116004,Female Kallman's syndrome,1
C1285162,Schistosomal pigment deposition,4.0,362975008,Degenerative disorder,1
C1285333,Tuberculous chancre,3.0,363171009,Inflammation of specific body systems,1
C1285471,Visual alteration,9.0,363343008,Hereditary disorder of the visual system,1
C1285537,Neonatal cyanosis,2.0,363696006,Neonatal cardiovascular disorder,1
C1290036,Paroxysmal hematoma of the finger,2.0,128618006,Disorder of finger,1
C1290048,Urticaria persistans,1.0,123584008,Urticaria perstans,1
C1290072,Purulent nasal discharge,8.0,128047003,Infectious disease of mucous membrane,1
C1290072,Purulent rhinitis,8.0,128047003,Infectious disease of mucous membrane,1
C1290121,Mass of ear structure,8.0,109277000,Melanocytic nevus of ear,1
C1290136,Intermittent torticollis,2.0,128237006,Chronic disease of musculoskeletal system,1
C1290143,Wry neck/torticollis,5.0,111235007,Musculoskeletal disorder of the neck,2
C1290143,Spasmodic torticollis (disorder),4.0,111235007,Musculoskeletal disorder of the neck,2
C1290145,Wry neck/torticollis,5.0,128049000,Disorder of cervical spine (disorder),2
C1290145,Intermittent torticollis,2.0,128049000,Disorder of cervical spine (disorder),2
C1290379,Paroxysmal hypertension,3.0,128487001,Acute disease of cardiovascular system,1
C1290611,Intermittent vomiting,2.0,128284006,Chronic digestive system disorder,1
C1290613,Nausea and vomiting (disorder),2.0,119291004,Disorder of upper gastrointestinal tract,5
C1290613,Uncontrollable vomiting,3.0,119291004,Disorder of upper gastrointestinal tract,5
C1290613,Intermittent vomiting,2.0,119291004,Disorder of upper gastrointestinal tract,5
C1290613,Vomiting after gastrointestinal tract surgery,1.0,119291004,Disorder of upper gastrointestinal tract,5
C1290613,Postoperative nausea,1.0,119291004,Disorder of upper gastrointestinal tract,5
C1290785,Palatal myoclonus,5.0,128337009,Disorder of palate,1
C1290795,Edema of uvula,3.0,109800008,Disorder of uvula of palate,1
C1290807,Diarrhea symptom,39.0,128333008,Diarrheal disorder,3
C1290807,Loose stool,39.0,128333008,Diarrheal disorder,3
C1290807,"Nausea, vomiting and diarrhea",1.0,128333008,Diarrheal disorder,3
C1290807,Diarrhea after gastrointestinal tract surgery,1.0,128333008,Diarrheal disorder,3
C1290841,Paroxysmal dystonia,4.0,127341005,Acute nervous system disorder,1
C1290846,Ophthalmoplegia (disorder),11.0,127346000,Neurologic disorder of eye movements,2
C1290846,Smooth pursuit movement deficiency,1.0,127346000,Neurologic disorder of eye movements,2
C1290846,Deficiency of smooth pursuit movements,1.0,127346000,Neurologic disorder of eye movements,2
C1290849,Periorbital edema,3.0,118654009,Disorder characterized by edema,6
C1290849,Edema of oral soft tissues,4.0,118654009,Disorder characterized by edema,6
C1290849,Gestational edema without hypertension,1.0,118654009,Disorder characterized by edema,6
C1290849,Edema of newborn,2.0,118654009,Disorder characterized by edema,6
C1290849,Edema of spinal cord,3.0,118654009,Disorder characterized by edema,6
C1290849,Edema of oral vestibule,4.0,118654009,Disorder characterized by edema,6
C1290857,Periorbital edema,3.0,118930001,Disorder of face,3
C1290857,Neonatal facial petechiae,3.0,118930001,Disorder of face,3
C1290857,Traumatic neonatal facial cyanosis,3.0,118930001,Disorder of face,3
C1290864,Acute abdomen,1.0,118948005,Disorder of abdomen,5
C1290864,Intra-abdominal collection,3.0,118948005,Disorder of abdomen,5
C1290864,Pain during inflow of dialysate,2.0,118948005,Disorder of abdomen,5
C1290864,Pain during outflow of dialysate,2.0,118948005,Disorder of abdomen,5
C1290864,Disorder of umbilicus,12.0,118948005,Disorder of abdomen,5
C1290865,Scaphoid abdomen,1.0,118928003,Disorder of abdominal wall,3
C1290865,Ilioinguinal nerve neuralgia,7.0,118928003,Disorder of abdominal wall,3
C1290865,Genitofemoral nerve neuralgia,6.0,118928003,Disorder of abdominal wall,3
C1290866,Ilioinguinal nerve neuralgia,7.0,118943001,Disorder of pelvis,2
C1290866,Genitofemoral nerve neuralgia,6.0,118943001,Disorder of pelvis,2
C1290876,Paraparesis (disorder),2.0,118937003,Disorder of lower extremity,3
C1290876,Cruralgia,4.0,118937003,Disorder of lower extremity,3
C1290876,Ilioinguinal nerve neuralgia,7.0,118937003,Disorder of lower extremity,3
C1290877,Flaccid tetraplegia,2.0,128605003,Disorder of extremity,1
C1290878,Lateral femoral cutaneous neuralgia,4.0,128135006,Disorder of thigh,3
C1290878,Obturator neuralgia,4.0,128135006,Disorder of thigh,3
C1290878,Genitofemoral nerve neuralgia,6.0,128135006,Disorder of thigh,3
C1290880,Saber shin,2.0,128137003,Disorder of lower leg (disorder),1
C1290882,Chronic progressive paraparesis,1.0,128283000,Chronic nervous system disorder,1
C1290884,Sporotrichotic chancre,3.0,128139000,Inflammatory disorder,1
C1298685,Generalized aches and pains (finding),2.0,373621006,Chronic pain syndrome,1
C1298989,Seizure,169.0,372441001,Seizures complicating infection in the newborn,1
C1299435,Angina,23.0,371806006,Progressive Angina (disorder),2
C1299435,Ischemic chest pain,23.0,371806006,Progressive Angina (disorder),2
C1299435,Pain (finding),136.0,371806006,Progressive Angina (disorder),2
C1299436,Angina,23.0,371808007,Recurrent angina after percutaneous transluminal coronary angioplasty,2
C1299436,Ischemic chest pain,23.0,371808007,Recurrent angina after percutaneous transluminal coronary angioplasty,2
C1299436,Pain (finding),136.0,371808007,Recurrent angina after percutaneous transluminal coronary angioplasty,2
C1299437,Angina,23.0,371809004,Recurrent angina after coronary stent placement,2
C1299437,Ischemic chest pain,23.0,371809004,Recurrent angina after coronary stent placement,2
C1299437,Pain (finding),136.0,371809004,Recurrent angina after coronary stent placement,2
C1299438,Angina,23.0,371810009,Recurrent angina after coronary artery bypass graft,2
C1299438,Ischemic chest pain,23.0,371810009,Recurrent angina after coronary artery bypass graft,2
C1299438,Pain (finding),136.0,371810009,Recurrent angina after coronary artery bypass graft,2
C1299439,Angina,23.0,371811008,Recurrent angina post rotational atherectomy,3
C1299439,Ischemic chest pain,23.0,371811008,Recurrent angina post rotational atherectomy,3
C1299439,Pain (finding),136.0,371811008,Recurrent angina post rotational atherectomy,3
C1299439,[X]Other forms of angina pectoris,14.0,371811008,Recurrent angina post rotational atherectomy,3
C1299440,Angina,23.0,371812001,Recurrent angina after directional coronary atherectomy,3
C1299440,Ischemic chest pain,23.0,371812001,Recurrent angina after directional coronary atherectomy,3
C1299440,Pain (finding),136.0,371812001,Recurrent angina after directional coronary atherectomy,3
C1299440,[X]Other forms of angina pectoris,14.0,371812001,Recurrent angina after directional coronary atherectomy,3
C1299598,Seizure,169.0,371022006,Seizures due to metabolic disorder,1
C1299608,Respiratory distress (finding),3.0,371044001,Transient respiratory distress with sepsis,1
C1299926,Subepidermal edema,1.0,370525007,Exudative diathesis,1
C1300028,Angina,23.0,373673007,Disorder characterized by pain,19
C1300028,Ischemic chest pain,23.0,373673007,Disorder characterized by pain,19
C1300028,Glossodynia (disorder),4.0,373673007,Disorder characterized by pain,19
C1300028,Neuropathic pain,16.0,373673007,Disorder characterized by pain,19
C1300028,Pain (finding),136.0,373673007,Disorder characterized by pain,19
C1300028,Injection site pain,1.0,373673007,Disorder characterized by pain,19
C1300028,Cheilodynia (disorder),2.0,373673007,Disorder characterized by pain,19
C1300028,"Pain due to any device, implant AND/OR graft",1.0,373673007,Disorder characterized by pain,19
C1300028,Generalized aches and pains (finding),2.0,373673007,Disorder characterized by pain,19
C1300028,Painful legs and moving toes,4.0,373673007,Disorder characterized by pain,19
C1300028,Pain during inflow of dialysate,2.0,373673007,Disorder characterized by pain,19
C1300028,Pain during outflow of dialysate,2.0,373673007,Disorder characterized by pain,19
C1300028,Pain from breast implant,1.0,373673007,Disorder characterized by pain,19
C1300028,Pain from tissue expander,2.0,373673007,Disorder characterized by pain,19
C1300028,Rubella arthralgia,2.0,373673007,Disorder characterized by pain,19
C1300028,Painful arms and moving fingers,3.0,373673007,Disorder characterized by pain,19
C1300028,Painful hematuria,1.0,373673007,Disorder characterized by pain,19
C1300028,Polymyalgia,3.0,373673007,Disorder characterized by pain,19
C1300028,Painful blind eye,2.0,373673007,Disorder characterized by pain,19
C1300028,Pain at rest due to peripheral vascular disease,2.0,373673007,Disorder characterized by pain,19
C1301339,Pain (finding),136.0,397318008,Extraovarian endometriosis,1
C1301398,Disorder of umbilicus,12.0,397401005,Disorder of neonatal umbilicus,1
C1302110,Headache (finding),59.0,230480006,Headache following myelography,4
C1302110,Headache (finding),59.0,398884005,Postmyelography headache,4
C1302110,Headache following lumbar puncture,1.0,230480006,Headache following myelography,4
C1302110,Headache following lumbar puncture,1.0,398884005,Postmyelography headache,4
C1302110,Reaction to spinal or lumbar puncture (disorder),3.0,230480006,Headache following myelography,4
C1302110,Reaction to spinal or lumbar puncture (disorder),3.0,398884005,Postmyelography headache,4
C1302110,Post dural puncture headache,3.0,230480006,Headache following myelography,4
C1302110,Post dural puncture headache,3.0,398884005,Postmyelography headache,4
C1302248,Dorsalgia,3.0,399194009,Disorder characterized by back pain,3
C1302248,Pain (finding),136.0,399194009,Disorder characterized by back pain,3
C1302248,(Backache NOS) or (back pain [& low]),2.0,399194009,Disorder characterized by back pain,3
C1302539,Mass of female genital structure,7.0,399599006,Condyloma acuminata of vagina,1
C1302710,Edema of oral vestibule,4.0,399902003,Disorder of body cavity,1
C1302789,Pruritus ani,1.0,400037008,Disorder of perianal skin,1
C1302820,Scalp itchy,2.0,400082007,Disorder of skin of head,3
C1302820,Neonatal facial petechiae,3.0,400082007,Disorder of skin of head,3
C1302820,Traumatic neonatal facial cyanosis,3.0,400082007,Disorder of skin of head,3
C1302834,Pruritus of penis,3.0,400106006,Disorder of skin of trunk,3
C1302834,Burning scrotum,4.0,400106006,Disorder of skin of trunk,3
C1302834,Scrotal pruritus,3.0,400106006,Disorder of skin of trunk,3
C1302854,Paroxysmal hematoma of the finger,2.0,400160003,Disorder of skin of upper limb,1
C1304055,Pruritus of skin,26.0,402178001,Brachioradial pruritus,1
C1304055,Itching of skin,26.0,402178001,Brachioradial pruritus,1
C1304055,Itch of skin,26.0,402178001,Brachioradial pruritus,1
C1304076,Low back pain,4.0,402245001,Angry back syndrome,1
C1304204,Urticarial vasculitis (disorder),7.0,402416000,"Urticarial vasculitis with monoclonal IgM component, Schnitzler",1
C1304360,Erythema of skin,89.0,402603005,Diffuse inflammatory erythema,1
C1304360,Erythematous condition,89.0,402603005,Diffuse inflammatory erythema,1
C1304387,Koilonychia,5.0,402634009,Abnormality of nail shape,1
C1304407,Urticarial vasculitis (disorder),7.0,402655006,Necrotizing cutaneous vasculitis,1
C1304410,Immune complex urticaria,7.0,402658008,Serum sickness type vasculitis,1
C1304463,Acute edema,11.0,403176008,Acute edema - cutaneous distension syndrome,1
C1304464,Acute edema,11.0,403177004,Acute edema blisters,1
C1304478,Edema of oral soft tissues,4.0,403383007,Lymphedema of lip,1
C1304483,Edema of penis,3.0,403470007,Penile venereal edema,1
C1304494,Pruritus of skin,26.0,403576004,Generalized pruritus of unknown etiology,1
C1304494,Itching of skin,26.0,403576004,Generalized pruritus of unknown etiology,1
C1304494,Itch of skin,26.0,403576004,Generalized pruritus of unknown etiology,1
C1313946,Erythema of skin,89.0,405244005,Urine induced contact dermatitis,1
C1313946,Erythematous condition,89.0,405244005,Urine induced contact dermatitis,1
C1313963,Diarrhea symptom,39.0,398570005,Diarrhea due to staphylococcus,1
C1313963,Loose stool,39.0,398570005,Diarrhea due to staphylococcus,1
C1319848,Sleep automatism,4.0,407666007,Nocturnal sleep-related eating disorder,1
C1321490,Acute edema,11.0,403178009,Eczema craquelé due to acute edema,1
C1321575,Seizure,169.0,246529004,Simple partial seizure with focal motor signs with march,2
C1331543,Pattern of fever - finding,1.0,248451004,Postpartum fever,1
C1393778,Constipation (disorder),12.0,432994008,Constipation due to neurogenic bowel,1
C1399352,Headache (finding),59.0,443094001,Paroxysmal hemicrania,1
C1410262,Seizure,169.0,413101007,Stress-induced epilepsy,1
C1412035,Problem with balance,1.0,265622002,"Equilibration disorder, vestibular nerve",1
C1412035,Impairment of balance,1.0,265622002,"Equilibration disorder, vestibular nerve",1
C1443290,Pain (finding),136.0,408749000,"Complex regional pain syndrome, type II, lower limb",1
C1443291,Pain (finding),136.0,408750000,"Complex regional pain syndrome, type II, upper limb",1
C1449721,Engorgement of breasts,2.0,34831003,Breast engorgement in newborn,1
C1456822,Pain in lower limb (finding),2.0,275520000,Claudication,1
C1504547,Stahli's line,2.0,418402006,Corneal iron deposits,1
C1510417,[X]Other and unspecified symbolic dysfunctions,6.0,30767006,Gait apraxia,1
C1510417,[D]Other symbolic dysfunction,6.0,30767006,Gait apraxia,1
C1527351,Painful legs and moving toes,4.0,72274001,Nerve root disorder,3
C1527351,Segmental peripheral neuralgia,3.0,72274001,Nerve root disorder,3
C1527351,Painful arms and moving fingers,3.0,72274001,Nerve root disorder,3
C1527353,Pain (finding),136.0,50642008,Algodystrophy (disorder),1
C1531394,Newborn physiological jaundice (disorder),8.0,157142006,Perinatal jaundice NOS,1
C1533040,Mass of eye structure,7.0,415175000,Primary acquired melanosis of conjunctiva without atypia,1
C1533040,Swelling of structure of eye,7.0,415175000,Primary acquired melanosis of conjunctiva without atypia,1
C1533847,Blepharospasm (disorder),7.0,75047002,Disorder of skeletal muscle,3
C1533847,Increased muscle tone,1.0,75047002,Disorder of skeletal muscle,3
C1533847,Muscular hypertonicity,1.0,75047002,Disorder of skeletal muscle,3
C1533847,Polymyalgia,3.0,75047002,Disorder of skeletal muscle,3
C1534238,Hypoproteinemia (disorder),3.0,154750002,(Plasma protein metabolism disorder: & [hyperproteinaemia] or [hypoproteinaemia]) or (Waldenstrom's macroglobulinaemia),1
C1534238,Hypoproteinemia (disorder),3.0,154750002,(Plasma protein metabolism disorder: & [hyperproteinemia] or [hypoproteinemia]) or (Waldenstrom's macroglobulinemia),1
C1534255,Spasmodic dysmenorrhea,3.0,156025005,Dysmenorrhoea (& [non psychogenic] or [congestive] or [spasmodic]),1
C1534255,Spasmodic dysmenorrhea,3.0,156025005,Dysmenorrhea (& [non psychogenic] or [congestive] or [spasmodic]),1
C1534531,Hypersomnia with sleep apnea,2.0,206750008,([D]Hypersomnia with sleep apnea) or (sleep apnea syndrome),1
C1534531,Hypersomnia with sleep apnea,2.0,206750008,([D]Hypersomnia with sleep apnoea) or (sleep apnoea syndrome),1
C1534561,Neuropathic pain,16.0,156760009,(Neuralgia/neuritis - NOS) or (nerve root pain NEC),1
C1534916,Syncope symptom,12.0,139532000,(Disturbance of consciousness) or (faint/syncope/vasovagal symptom),3
C1534916,Syncope and collapse,12.0,139532000,(Disturbance of consciousness) or (faint/syncope/vasovagal symptom),3
C1534916,Disturbance of consciousness,1.0,139532000,(Disturbance of consciousness) or (faint/syncope/vasovagal symptom),3
C1534916,Vasovagal symptom,1.0,139532000,(Disturbance of consciousness) or (faint/syncope/vasovagal symptom),3
C1534965,Discharge of eye,3.0,193860001,(Acute mucopurulent conjunctivitis) or (sticky eye),1
C1535033,Nasal congestion,2.0,155521003,(Chronic pharyngitis/nasopharyngitis) or (catarrh) or (congested nose),2
C1535033,Catarrhal nasal discharge,2.0,155521003,(Chronic pharyngitis/nasopharyngitis) or (catarrh) or (congested nose),2
C1535054,Smokers' cough,3.0,155567003,(Simple chronic bronchitis) or (smoker's cough) or (senile tracheobronchitis),1
C1535080,Metatarsalgia (finding),2.0,156663001,(Tendinitis: [ankle/tarsus] or [achilles] or [ankle]) or (calcaneal spur) or (metatarsalgia),1
C1535339,Temporomandibular joint stiff,1.0,196429002,Temporomandibular joint: [ankylosis] or [stiff],1
C1535388,Morning sickness,2.0,199020006,Morning sickness (& [mild hyperemesis gravidarum]),1
C1535418,Glossodynia (disorder),4.0,155667007,(Tongue disease NOS) or (coated tongue) or (geographic tongue) or (glossodynia),2
C1535418,Glossopyrosis (disorder),3.0,155667007,(Tongue disease NOS) or (coated tongue) or (geographic tongue) or (glossodynia),2
C1535555,Pain in the coccyx,2.0,156653009,(Coccygeal disorder NOS) or (coccydynia),1
C1536114,Pain (finding),136.0,426566004,Central pain syndrome,2
C1536114,Pseudothalamic pain,1.0,426566004,Central pain syndrome,2
C1536458,Weal,6.0,156431004,(Urticaria NOS) or (hives) or (pachydermia),1
C1537218,Vulval varices in pregnancy,3.0,200219001,Genital varices in pregnancy (& [vaginal] or [vulval]),1
C1540374,Food intolerance,3.0,197496009,(Intolerance NEC: [fat] or [food] or [milk]) or (malabsorption NOS: [syndrome] or [other gastrointestinal tract]),1
C1540606,Amaurosis fugax,4.0,155111000,(Retinal vascular occlusion) or (amaurosis fugax) or (retinal thrombosis),1
C1540625,Penile warts,4.0,186688003,(Warts: [genital] or [penile] or [venereal]) or (condylomata acuminatum),1
C1540722,Insomnia (disorder),7.0,154927001,Sleep disorders (& [insomnia] or [nightmares] or [sleepwalking (& somnambulism)]),1
C1541811,Spasmodic dysmenorrhea,3.0,198404001,Dysmenorrhea (& spasmodic),1
C1541811,Spasmodic dysmenorrhea,3.0,198404001,Dysmenorrhoea (& spasmodic),1
C1542018,Myoclonic disorder,29.0,192846005,Myoclonus: [other] or [paramyoclonus multiplex],1
C1542574,Newborn physiological jaundice (disorder),8.0,157141004,Physiological jaundice (& [NOS]),1
C1546197,Drop attack,3.0,155404005,(Transient ischaemic attacks) or (vertebro-basilar insufficiency) or (drop attacks),1
C1546197,Drop attack,3.0,155404005,(Transient ischemic attacks) or (vertebro-basilar insufficiency) or (drop attacks),1
C1561855,Hypersomnia (disorder),7.0,442292004,Idiopathic hypersomnia without long sleep time,1
C1561862,Respiration intermittent,1.0,442549008,High altitude periodic breathing,1
C1561892,Disturbance in sleep behavior,4.0,418955009,Organic sleep disorder,1
C1563308,Sore skin (finding),2.0,201431008,(Skin and subcutaneous tissue disease NOS) or (sore skin),1
C1563321,Discomfort in mouth,2.0,196580003,Mouth: [mucocele] or [discomfort] or [soft tissue diseases NOS],1
C1565172,Headache (finding),59.0,449814007,Trigeminal autonomic cephalalgia,1
C1571826,Virilization (finding),5.0,190517002,(Virilism) or (adrenogenital virilization) or (pseudohermaphrodite female with adrenocortical disorder),1
C1571826,Virilization (finding),5.0,190517002,(Virilism) or (adrenogenital virilisation) or (pseudohermaphrodite female with adrenocortical disorder),1
C1571827,Sialectasia,2.0,196515000,(Sialectasia) or (stenosis of salivary duct) or (other salivary gland diseases),1
C1571952,Blepharospasm (disorder),7.0,155009007,(Extrapyramidal disease NOS) or (blepharospasm) or (choreo-athetosis) or (writer's cramp - organic) or (myoclonic jerks) or (spasmodic torticollis),3
C1571952,Myoclonic disorder,29.0,155009007,(Extrapyramidal disease NOS) or (blepharospasm) or (choreo-athetosis) or (writer's cramp - organic) or (myoclonic jerks) or (spasmodic torticollis),3
C1571952,Spasmodic torticollis (disorder),4.0,155009007,(Extrapyramidal disease NOS) or (blepharospasm) or (choreo-athetosis) or (writer's cramp - organic) or (myoclonic jerks) or (spasmodic torticollis),3
C1571959,Lid lag,1.0,155180006,(Lid lag) or (xanthelasma) or (eyelid disorders NOS),1
C1571960,Cerebellar ataxia,11.0,155010002,(Spinocerebellar disease) or (cerebellar ataxia) or (cerebellar disease),1
C1571968,Congestion of nasal sinus,4.0,195830008,Nasal: [obstruction] or [congestion (& sinus)] or [infection] or [sore nostril] or [cavity and sinus disease NOS],1
C1576410,Erythema of skin,89.0,156368000,(Erythematous conditions NOS) or (granulome annulare),1
C1576410,Erythema of skin,89.0,200953005,(Other erythematous conditions NOS) or (granuloma annulare),1
C1576410,Erythematous condition,89.0,156368000,(Erythematous conditions NOS) or (granulome annulare),1
C1576410,Erythematous condition,89.0,200953005,(Other erythematous conditions NOS) or (granuloma annulare),1
C1578669,Red eye,2.0,155162002,(Acute conjunctivitis) or (Newcastle's disease) or (viral pharyngoconjunctivitis) or (pink eye) or (sticky eye),2
C1578669,Discharge of eye,3.0,155162002,(Acute conjunctivitis) or (Newcastle's disease) or (viral pharyngoconjunctivitis) or (pink eye) or (sticky eye),2
C1578692,Weal,6.0,156445005,(Skin disorders NOS) or (foreign body granuloma) or (pimple) or (wheal),1
C1578794,Abdominal angina,3.0,197005008,(Chronic intestinal vascular insufficiency) or (abdominal angina) or (chronic ischaemic colitis &/or enteritis),1
C1578794,Abdominal angina,3.0,197005008,(Chronic intestinal vascular insufficiency) or (abdominal angina) or (chronic ischemic colitis &/or enteritis),1
C1578794,Intestinal angina,3.0,197005008,(Chronic intestinal vascular insufficiency) or (abdominal angina) or (chronic ischaemic colitis &/or enteritis),1
C1578794,Intestinal angina,3.0,197005008,(Chronic intestinal vascular insufficiency) or (abdominal angina) or (chronic ischemic colitis &/or enteritis),1
C1578956,Weal,6.0,201267004,(Other specified urticaria) or (nettle rash),1
C1579022,Drop attack,3.0,195196001,(Drop attack) or (transient cerebral ischaemia) or (vertebro-basilar insufficiency),1
C1579022,Drop attack,3.0,195196001,(Drop attack) or (transient cerebral ischemia) or (vertebro-basilar insufficiency),1
C1579723,Neuropathic pain,16.0,203118000,"(Neuralgia, neuritis or radiculitis NOS) or (policeman's disease)",1
C1611178,Skin sensation disturbance,6.0,446220004,Cheiro-oral syndrome,1
C1628308,Other specified visual disturbance NOS,3.0,418761001,Temporal crescent syndrome,1
C1628308,Other specified visual disturbance,3.0,418761001,Temporal crescent syndrome,1
C1630648,Food intolerance,3.0,418471000,Propensity to adverse reactions to food,1
C1636157,Corneal pigmentations and deposits,4.0,418817000,Corneal argyriasis,1
C1642392,Persistent light reaction,3.0,419025007,T-cell pseudolymphomatous lesion,1
C1642397,C/O - cough,2.0,417850002,Respiratory tract congestion and cough,1
C1665347,Cerebellar ataxia,11.0,192874000,Cerebellar ataxia associated with another disorder,1
C1690985,Corneal pigmentations and deposits,4.0,418541005,Drug-induced corneal epithlelial deposit,1
C1691006,Visual alteration,9.0,418209000,Dysphotopsia,1
C1704330,Toothache (finding),2.0,105995000,Disorder of teeth AND/OR supporting structures,2
C1704330,Painful tooth socket,1.0,105995000,Disorder of teeth AND/OR supporting structures,2
C1704421,Drug pigmentation,7.0,46690002,Disorder of skin pigmentation,3
C1704421,Achromia of skin (disorder),4.0,46690002,Disorder of skin pigmentation,3
C1704421,Malarial pigment deposition,5.0,46690002,Disorder of skin pigmentation,3
C1719788,Coordination problem,12.0,421182009,Episodic ataxia type 1 (disorder),1
C1719883,Injection site hypersensitivity,1.0,421976005,Hypersensitivity disorder,1
C1720062,Subjective visual disturbance,7.0,421376003,Subjective visual disturbance of image size,3
C1720062,Visual distortions of shape AND/OR size,3.0,421376003,Subjective visual disturbance of image size,3
C1720062,Micropsia (disorder),3.0,421376003,Subjective visual disturbance of image size,3
C1720077,Visual distortions of shape AND/OR size,3.0,422087002,Micropsia due to organic disease,2
C1720077,Micropsia (disorder),3.0,422087002,Micropsia due to organic disease,2
C1720149,Neuropathic pain,16.0,422136003,Neuralgia associated with AIDS,2
C1720149,Pain (finding),136.0,422136003,Neuralgia associated with AIDS,2
C1720189,Cerebellar ataxia,11.0,421455009,Episodic ataxia,2
C1720189,Coordination problem,12.0,421455009,Episodic ataxia,2
C1720416,Coordination problem,12.0,420932006,Episodic ataxia type 2,1
C1720571,Melanin pigmentation of cornea,2.0,421735009,Melanin pigmentation of eye,1
C1735856,Headache (finding),59.0,230462002,Migraine with typical aura,1
C1827052,Headache (finding),59.0,423683008,Refractory migraine with aura,1
C1827190,Headache (finding),59.0,425007008,"Migraine without aura, not refractory",1
C1827250,Blepharospasm (disorder),7.0,423753005,Reflex blepharospasm,1
C1827284,Seizure,169.0,425054007,Refractory occipital lobe epilepsy,1
C1827389,Seizure,169.0,422513000,"Epilepsy, not refractory",1
C1827396,Seizure,169.0,422527005,Refractory infantile spasms,2
C1827396,Spasm (finding),10.0,422527005,Refractory infantile spasms,2
C1827624,Headache (finding),59.0,423279000,Refractory migraine without aura,1
C1827629,Headache (finding),59.0,423894005,Refractory migraine,1
C1827691,Seizure,169.0,425237009,Refractory frontal lobe epilepsy,1
C1827878,Seizure,169.0,422724001,Refractory localization-related epilepsy,1
C1827966,Headache (finding),59.0,424699007,"Migraine variants, not intractable",1
C1827974,Seizure,169.0,425349008,Refractory parietal lobe epilepsy,1
C1827983,Headache (finding),59.0,425365009,Refractory migraine variants,1
C1828175,Seizure,169.0,422873003,Refractory epilepsia partialis continua,1
C1834570,Myoclonic disorder,29.0,439732004,Myoclonic dystonia (disorder),1
C1868745,Skin sensation disturbance,6.0,449769004,Numb chin syndrome,1
C1868889,Constipation (disorder),12.0,440630006,Irritable bowel syndrome characterized by constipation,1
C1959853,Cramp in foot,2.0,426218005,Tendinitis of flexor hallucis longus,1
C1959865,Hypersomnia (disorder),7.0,426943005,Hypersomnia disorder related to menstruation,1
C1960052,Hypercapnia (disorder),5.0,426896000,Chronic hypercapnic respiratory failure,1
C1960172,Mass of musculoskeletal structure,10.0,426190008,Maxillary cyst,1
C1960271,Headache (finding),59.0,425422007,Headache due to high altitude,1
C1960276,Diarrhea symptom,39.0,425739008,Brainerd diarrhea,1
C1960276,Loose stool,39.0,425739008,Brainerd diarrhea,1
C1960544,Mass of urinary system structure,3.0,426479005,Urethral wart,1
C1960676,Myoclonic disorder,29.0,427111000,Non-epileptic myoclonus,1
C1960709,Headache (finding),59.0,425936006,Intractable ophthalmic migraine,1
C1960869,Subjective vertigo,12.0,426788002,Vertigo as late effect of stroke,1
C1960870,Headache (finding),59.0,427419006,Transformed migraine,1
C1960877,Myoclonic disorder,29.0,426187002,Stapedial myoclonus,1
C1971624,Anorexia symptom (finding),2.0,79890006,Loss of appetite,2
C1971624,Appetite loss - anorexia,1.0,79890006,Loss of appetite,2
C1971759,Hyperemesis gravidarum,6.0,156113005,Vomiting in pregnancy (& [excess] or [hyperemesis gravidarum] or [morning sickness]),2
C1971759,Morning sickness,2.0,156113005,Vomiting in pregnancy (& [excess] or [hyperemesis gravidarum] or [morning sickness]),2
C1996989,Diarrhea symptom,39.0,428867008,Diarrhea due to drug,1
C1996989,Loose stool,39.0,428867008,Diarrhea due to drug,1
C1997249,Pain (finding),136.0,427972000,Pudendal neuralgia,1
C1997440,Pain due to knee joint prosthesis,1.0,428724006,Arthropathy of knee joint (disorder),1
C1997771,Hypercapnia (disorder),5.0,429428003,Chronic hypercapnia,1
C1998127,Mass of uterine adnexa,3.0,429439000,Complex cyst of uterine adnexa,1
C1998254,Myoclonic disorder,29.0,427789001,Myoclonus of tensor tympani muscle,1
C2004401,Polyalgia,3.0,203139007,(Soft tissue disorders NOS) or (polyalgia),1
C2004411,Toothache (finding),2.0,196444001,Other specified dental disorder &/or toothache,1
C2004435,Abdominal angina,3.0,82196007,Vascular insufficiency of intestine (disorder),1
C2004435,Intestinal angina,3.0,82196007,Vascular insufficiency of intestine (disorder),1
C2004487,Spasm (finding),10.0,79012001,Vaginospasm (finding),1
C2035047,Seizure,169.0,307357004,"Jacksonian, focal or motor epilepsy",1
C2158436,Lump on finger,4.0,433182005,Cyst of finger,1
C2239278,Snuffles,3.0,155497009,(Acute nasopharyngitis) or (common cold) or (acute coryza) or (acute rhinitis) or (sniffles) or (snuffles),1
C2239278,Nasal discharge,3.0,155497009,(Acute nasopharyngitis) or (common cold) or (acute coryza) or (acute rhinitis) or (sniffles) or (snuffles),1
C2239278,Nasal discharge present,3.0,155497009,(Acute nasopharyngitis) or (common cold) or (acute coryza) or (acute rhinitis) or (sniffles) or (snuffles),1
C2242981,Visual distortions of shape AND/OR size,3.0,420809008,Hysterical micropsia,2
C2242981,Micropsia (disorder),3.0,420809008,Hysterical micropsia,2
C2267233,Decreased muscle tone,1.0,205294008,Neonatal hypotonia,2
C2267233,Poor muscle tone,1.0,205294008,Neonatal hypotonia,2
C2267233,Benign congenital hypotonia (disorder),3.0,205294008,Neonatal hypotonia,2
C2315264,Constipation (disorder),12.0,430097009,Constipation due to spasm of colon,1
C2315519,Oliguria (finding),2.0,430535006,Acute renal failure with oliguria,1
C2316074,Pain due to shoulder joint prosthesis,1.0,430940009,Disorder of glenohumeral joint,1
C2316225,Headache (finding),59.0,431237007,Chronic headache disorder,1
C2316708,Constipation (disorder),12.0,432414001,Atonic constipation,1
C2316756,Loss of memory,1.0,433081000,Organic amnesia of language,1
C2316756,Memory loss symptom,1.0,433081000,Organic amnesia of language,1
C2349425,Headache (finding),59.0,443095000,Hemicrania continua,1
C2363129,Seizure,169.0,44145005,Benign Rolandic epilepsy,1
C2363423,Benign congenital hypotonia (disorder),3.0,193217002,Other specific myoneural disorder (& [amyotonia congenita] or [Oppenheim's amyotonia] or [congenital benign hypotonia] or [floppy infant syndrome]),1
C2584703,Hard edema,5.0,64491003,Myxedematous form of cretinism,1
C2711086,Trypanosomal chancre,4.0,442027008,Inflammation of skin due to parasite (disorder),1
C2711445,Fluid disturbance,1.0,441724008,Tension hydrothorax,1
C2711653,Seizure,169.0,442481002,Epilepsy characterized by intractable complex partial seizures,1
C2711736,Seizure,169.0,441678004,Refractory generalized nonconvulsive epilepsy,1
C2711743,Myoclonic disorder,29.0,441604003,Myoclonus associated with fever,1
C2733582,Contact lens related disorder,3.0,443182008,Disorder of cornea associated with contact lens,1
C2919482,Pitting edema,1.0,445345005,Remitting seronegative symmetrical synovitis with pitting edema,1
C2919600,Umbilical hemorrhage,1.0,445163001,Bleeding Meckel's diverticulum,1
C2919600,Umbilical bleeding,1.0,445163001,Bleeding Meckel's diverticulum,1
C2919725,Intra-abdominal collection,3.0,445137006,Accumulation of bile in abdominal cavity,2
C2919808,Mass of ear structure,8.0,445172009,Cholesterin granuloma of middle ear and mastoid,2
C2919808,Mass of musculoskeletal structure,10.0,445172009,Cholesterin granuloma of middle ear and mastoid,2
C2919930,[D]Extrarenal uraemia,1.0,445120004,Uremia due to inadequate renal perfusion,1
C2919930,[D]Extrarenal uremia,1.0,445120004,Uremia due to inadequate renal perfusion,1
C2937217,Mass of respiratory structure,11.0,85225000,Cyst of nasal sinus (disorder),1
C2939435,Hypertensive spasm of cardiac sphincter,1.0,235630008,Hypertensive lower esophageal sphincter (disorder),1
C2959492,Lump on thigh,1.0,447123001,Epidermoid cyst of skin of thigh,1
C2959494,Mass of ear structure,8.0,446434001,Epidermoid cyst of skin of ear,1
C2959868,Mass of lower limb,2.0,447146004,Verruca vulgaris of skin of lower extremity,1
C2960037,Perineal lump (finding),6.0,447066005,Foreign body granuloma of penis,2
C2960037,Mass of male genital structure,3.0,447066005,Foreign body granuloma of penis,2
C2960211,Mass of trunk,4.0,446680006,Epidermoid cyst of skin of back,1
C2960290,Groin mass,2.0,446935007,Epidermoid cyst of skin of groin,1
C2960306,Mass of digestive structure,22.0,446441007,Epidermoid cyst of skin of cheek,1
C2960451,Mass of ear structure,8.0,446901009,Verruca vulgaris of skin of pinna,1
C2960589,Mass of digestive structure,22.0,446985003,Verruca vulgaris of skin of cheek,1
C2960744,Mass of ear structure,8.0,446112008,Cyst of pinna,1
C2960769,Mass of musculoskeletal structure,10.0,447102007,Cholesterin granuloma of mastoid,1
C2980106,Pruritus of skin,26.0,201017004,Prurigo mitis,1
C2980106,Itching of skin,26.0,201017004,Prurigo mitis,1
C2980106,Itch of skin,26.0,201017004,Prurigo mitis,1
C2980107,Pruritus of skin,26.0,201016008,Hebra's prurigo,1
C2980107,Itching of skin,26.0,201016008,Hebra's prurigo,1
C2980107,Itch of skin,26.0,201016008,Hebra's prurigo,1
C2981137,Seizure,169.0,230405003,Chronic progressive epilepsia partialis continua of childhood,1
C3164057,Mass of cardiovascular structure,4.0,449189009,Mass associated with atrioventricular valve leaflet in atrioventricular septal defect,1
C3164623,Mass of cardiovascular structure,4.0,447875008,Congenital mass of mitral leaflet,1
C3247203,Erythema of skin,89.0,200832000,Hydroa estivale,1
C3247203,Erythematous condition,89.0,200832000,Hydroa estivale,1
C3249881,Purulent nasal discharge,8.0,255320000,Infection - suppurative,1
C3249881,Purulent rhinitis,8.0,255320000,Infection - suppurative,1
C3263719,Mass of eye structure,7.0,415172002,Primary acquired melanosis (disorder),1
C3263719,Swelling of structure of eye,7.0,415172002,Primary acquired melanosis (disorder),1
C3266099,Perianal lump,2.0,449815008,Hematoma of perianal region,1
C3266155,Abdominal pain,4.0,449890002,Functional abdominal pain syndrome,2
C3266155,Pain (finding),136.0,449890002,Functional abdominal pain syndrome,2
